src_id,dst_id,src_label_id,dst_label_id,weight
0,1,0,1,1.000000
0,2,0,1,1.000000
0,3,0,1,1.000000
0,4,0,1,1.000000
0,5,0,1,1.000000
0,6,0,1,1.000000
0,7,0,1,1.000000
0,8,0,1,1.000000
0,9,0,1,1.000000
0,10,0,1,1.000000
0,11,0,1,1.000000
0,12,0,1,1.000000
0,13,0,1,1.000000
0,14,0,1,1.000000
0,15,0,1,1.000000
0,16,0,1,1.000000
0,17,0,1,1.000000
0,18,0,1,1.000000
0,19,0,1,1.000000
0,20,0,1,1.000000
0,21,0,1,1.000000
0,22,0,1,1.000000
0,23,0,1,1.000000
0,24,0,1,1.000000
0,25,0,1,1.000000
0,26,0,1,1.000000
0,27,0,1,1.000000
0,28,0,1,1.000000
0,29,0,1,1.000000
0,30,0,1,1.000000
0,31,0,1,1.000000
0,32,0,1,1.000000
0,33,0,1,1.000000
0,34,0,1,1.000000
0,35,0,1,1.000000
0,36,0,1,1.000000
0,37,0,1,1.000000
0,38,0,1,1.000000
0,39,0,1,1.000000
0,40,0,1,1.000000
0,41,0,1,1.000000
0,42,0,1,1.000000
0,43,0,1,1.000000
0,44,0,1,1.000000
0,45,0,1,1.000000
0,46,0,1,1.000000
0,47,0,1,1.000000
0,48,0,1,1.000000
0,49,0,1,1.000000
0,50,0,1,1.000000
0,51,0,1,1.000000
0,52,0,1,1.000000
0,53,0,1,1.000000
0,54,0,1,1.000000
0,55,0,1,1.000000
0,56,0,1,1.000000
0,57,0,1,1.000000
0,58,0,1,1.000000
0,59,0,1,1.000000
60,61,0,1,1.000000
60,62,0,1,1.000000
60,63,0,1,1.000000
60,64,0,1,1.000000
60,65,0,1,1.000000
60,66,0,1,1.000000
60,67,0,1,1.000000
60,68,0,1,1.000000
60,69,0,1,1.000000
60,70,0,1,1.000000
60,71,0,1,1.000000
60,72,0,1,1.000000
60,73,0,1,1.000000
60,74,0,1,1.000000
60,75,0,1,1.000000
60,76,0,1,1.000000
60,77,0,1,1.000000
78,79,0,1,1.000000
78,80,0,1,1.000000
78,81,0,1,1.000000
78,82,0,1,1.000000
78,83,0,1,1.000000
84,85,0,1,1.000000
84,86,0,1,1.000000
84,87,0,1,1.000000
84,88,0,1,1.000000
84,89,0,1,1.000000
84,90,0,1,1.000000
84,91,0,1,1.000000
84,92,0,1,1.000000
84,93,0,1,1.000000
84,94,0,1,1.000000
84,95,0,1,1.000000
84,96,0,1,1.000000
84,97,0,1,1.000000
84,98,0,1,1.000000
84,99,0,1,1.000000
100,101,0,1,1.000000
100,102,0,1,1.000000
100,103,0,1,1.000000
100,104,0,1,1.000000
100,105,0,1,1.000000
100,106,0,1,1.000000
100,107,0,1,1.000000
100,108,0,1,1.000000
100,109,0,1,1.000000
100,110,0,1,1.000000
100,111,0,1,1.000000
100,112,0,1,1.000000
100,113,0,1,1.000000
100,114,0,1,1.000000
100,115,0,1,1.000000
100,116,0,1,1.000000
100,117,0,1,1.000000
100,118,0,1,1.000000
100,119,0,1,1.000000
100,120,0,1,1.000000
100,121,0,1,1.000000
100,122,0,1,1.000000
100,123,0,1,1.000000
100,124,0,1,1.000000
100,125,0,1,1.000000
100,126,0,1,1.000000
100,127,0,1,1.000000
100,128,0,1,1.000000
129,130,0,1,1.000000
129,131,0,1,1.000000
129,132,0,1,1.000000
129,133,0,1,1.000000
129,134,0,1,1.000000
129,135,0,1,1.000000
129,136,0,1,1.000000
129,137,0,1,1.000000
129,138,0,1,1.000000
129,139,0,1,1.000000
129,140,0,1,1.000000
141,142,0,1,1.000000
143,144,0,1,1.000000
145,146,0,1,1.000000
145,147,0,1,1.000000
145,148,0,1,1.000000
145,149,0,1,1.000000
145,150,0,1,1.000000
145,151,0,1,1.000000
145,152,0,1,1.000000
145,153,0,1,1.000000
145,154,0,1,1.000000
155,156,0,1,1.000000
155,157,0,1,1.000000
155,158,0,1,1.000000
155,159,0,1,1.000000
155,160,0,1,1.000000
155,161,0,1,1.000000
162,163,0,1,1.000000
164,165,0,1,1.000000
164,166,0,1,1.000000
164,167,0,1,1.000000
164,168,0,1,1.000000
164,169,0,1,1.000000
164,170,0,1,1.000000
164,171,0,1,1.000000
164,172,0,1,1.000000
164,173,0,1,1.000000
164,174,0,1,1.000000
164,175,0,1,1.000000
164,176,0,1,1.000000
164,177,0,1,1.000000
164,178,0,1,1.000000
164,179,0,1,1.000000
164,180,0,1,1.000000
164,181,0,1,1.000000
164,182,0,1,1.000000
164,183,0,1,1.000000
164,184,0,1,1.000000
164,185,0,1,1.000000
164,186,0,1,1.000000
164,187,0,1,1.000000
164,188,0,1,1.000000
164,189,0,1,1.000000
164,190,0,1,1.000000
164,191,0,1,1.000000
164,192,0,1,1.000000
164,193,0,1,1.000000
164,194,0,1,1.000000
195,196,0,1,1.000000
197,198,0,1,1.000000
197,199,0,1,1.000000
197,200,0,1,1.000000
197,201,0,1,1.000000
197,202,0,1,1.000000
197,203,0,1,1.000000
197,204,0,1,1.000000
197,205,0,1,1.000000
197,206,0,1,1.000000
197,207,0,1,1.000000
197,208,0,1,1.000000
197,209,0,1,1.000000
197,210,0,1,1.000000
197,211,0,1,1.000000
197,212,0,1,1.000000
197,213,0,1,1.000000
197,214,0,1,1.000000
197,215,0,1,1.000000
197,216,0,1,1.000000
197,217,0,1,1.000000
197,218,0,1,1.000000
197,219,0,1,1.000000
197,220,0,1,1.000000
197,221,0,1,1.000000
197,222,0,1,1.000000
197,223,0,1,1.000000
197,224,0,1,1.000000
197,225,0,1,1.000000
197,226,0,1,1.000000
227,228,0,1,1.000000
227,229,0,1,1.000000
227,230,0,1,1.000000
227,231,0,1,1.000000
227,232,0,1,1.000000
227,233,0,1,1.000000
227,234,0,1,1.000000
227,235,0,1,1.000000
227,236,0,1,1.000000
227,237,0,1,1.000000
227,238,0,1,1.000000
227,239,0,1,1.000000
227,240,0,1,1.000000
227,241,0,1,1.000000
227,242,0,1,1.000000
227,243,0,1,1.000000
227,244,0,1,1.000000
227,245,0,1,1.000000
227,246,0,1,1.000000
227,247,0,1,1.000000
227,248,0,1,1.000000
227,249,0,1,1.000000
227,250,0,1,1.000000
227,251,0,1,1.000000
227,252,0,1,1.000000
227,253,0,1,1.000000
227,254,0,1,1.000000
227,255,0,1,1.000000
227,256,0,1,1.000000
227,257,0,1,1.000000
227,258,0,1,1.000000
259,260,0,1,1.000000
259,261,0,1,1.000000
259,262,0,1,1.000000
259,263,0,1,1.000000
259,264,0,1,1.000000
259,265,0,1,1.000000
259,266,0,1,1.000000
259,267,0,1,1.000000
259,268,0,1,1.000000
269,270,0,1,1.000000
269,271,0,1,1.000000
269,272,0,1,1.000000
269,273,0,1,1.000000
269,274,0,1,1.000000
269,275,0,1,1.000000
269,276,0,1,1.000000
269,277,0,1,1.000000
269,278,0,1,1.000000
269,279,0,1,1.000000
280,281,0,1,1.000000
280,282,0,1,1.000000
280,283,0,1,1.000000
280,284,0,1,1.000000
280,285,0,1,1.000000
280,286,0,1,1.000000
280,287,0,1,1.000000
280,288,0,1,1.000000
280,289,0,1,1.000000
290,291,0,1,1.000000
290,292,0,1,1.000000
290,293,0,1,1.000000
290,294,0,1,1.000000
290,295,0,1,1.000000
290,296,0,1,1.000000
290,297,0,1,1.000000
290,298,0,1,1.000000
290,299,0,1,1.000000
290,300,0,1,1.000000
290,301,0,1,1.000000
290,302,0,1,1.000000
290,303,0,1,1.000000
290,304,0,1,1.000000
290,305,0,1,1.000000
290,306,0,1,1.000000
290,307,0,1,1.000000
290,308,0,1,1.000000
290,309,0,1,1.000000
290,310,0,1,1.000000
290,311,0,1,1.000000
290,312,0,1,1.000000
290,313,0,1,1.000000
290,314,0,1,1.000000
290,315,0,1,1.000000
290,316,0,1,1.000000
290,317,0,1,1.000000
290,318,0,1,1.000000
290,319,0,1,1.000000
290,320,0,1,1.000000
290,321,0,1,1.000000
290,322,0,1,1.000000
290,323,0,1,1.000000
290,324,0,1,1.000000
290,325,0,1,1.000000
290,326,0,1,1.000000
290,327,0,1,1.000000
290,328,0,1,1.000000
290,329,0,1,1.000000
290,330,0,1,1.000000
290,331,0,1,1.000000
290,332,0,1,1.000000
290,333,0,1,1.000000
290,334,0,1,1.000000
290,335,0,1,1.000000
290,336,0,1,1.000000
290,337,0,1,1.000000
290,338,0,1,1.000000
290,339,0,1,1.000000
290,340,0,1,1.000000
290,341,0,1,1.000000
290,342,0,1,1.000000
290,343,0,1,1.000000
290,344,0,1,1.000000
290,345,0,1,1.000000
290,346,0,1,1.000000
290,347,0,1,1.000000
290,348,0,1,1.000000
349,350,0,1,1.000000
349,351,0,1,1.000000
349,352,0,1,1.000000
353,354,0,1,1.000000
353,355,0,1,1.000000
353,356,0,1,1.000000
353,357,0,1,1.000000
358,359,0,1,1.000000
360,361,0,1,1.000000
360,362,0,1,1.000000
363,364,0,1,1.000000
363,365,0,1,1.000000
363,366,0,1,1.000000
363,367,0,1,1.000000
368,369,0,1,1.000000
368,370,0,1,1.000000
371,372,0,1,1.000000
371,373,0,1,1.000000
371,374,0,1,1.000000
371,375,0,1,1.000000
371,376,0,1,1.000000
371,377,0,1,1.000000
371,378,0,1,1.000000
371,379,0,1,1.000000
371,380,0,1,1.000000
371,381,0,1,1.000000
371,382,0,1,1.000000
371,383,0,1,1.000000
371,384,0,1,1.000000
371,385,0,1,1.000000
371,386,0,1,1.000000
371,387,0,1,1.000000
371,388,0,1,1.000000
371,389,0,1,1.000000
371,390,0,1,1.000000
371,391,0,1,1.000000
371,392,0,1,1.000000
371,393,0,1,1.000000
371,394,0,1,1.000000
371,395,0,1,1.000000
371,396,0,1,1.000000
371,397,0,1,1.000000
371,398,0,1,1.000000
371,399,0,1,1.000000
371,400,0,1,1.000000
371,401,0,1,1.000000
371,402,0,1,1.000000
371,403,0,1,1.000000
371,404,0,1,1.000000
371,405,0,1,1.000000
371,406,0,1,1.000000
371,407,0,1,1.000000
371,408,0,1,1.000000
371,409,0,1,1.000000
371,410,0,1,1.000000
371,411,0,1,1.000000
371,412,0,1,1.000000
371,413,0,1,1.000000
371,414,0,1,1.000000
371,415,0,1,1.000000
371,416,0,1,1.000000
371,417,0,1,1.000000
371,418,0,1,1.000000
371,419,0,1,1.000000
371,420,0,1,1.000000
371,421,0,1,1.000000
371,422,0,1,1.000000
423,424,0,1,1.000000
423,425,0,1,1.000000
423,426,0,1,1.000000
423,427,0,1,1.000000
423,428,0,1,1.000000
423,429,0,1,1.000000
423,430,0,1,1.000000
423,431,0,1,1.000000
423,432,0,1,1.000000
423,433,0,1,1.000000
423,434,0,1,1.000000
423,435,0,1,1.000000
423,436,0,1,1.000000
423,437,0,1,1.000000
423,438,0,1,1.000000
423,439,0,1,1.000000
423,440,0,1,1.000000
423,441,0,1,1.000000
423,442,0,1,1.000000
423,443,0,1,1.000000
423,444,0,1,1.000000
423,445,0,1,1.000000
423,446,0,1,1.000000
423,447,0,1,1.000000
423,448,0,1,1.000000
423,449,0,1,1.000000
423,450,0,1,1.000000
423,451,0,1,1.000000
423,452,0,1,1.000000
423,453,0,1,1.000000
423,454,0,1,1.000000
423,455,0,1,1.000000
423,456,0,1,1.000000
423,457,0,1,1.000000
423,458,0,1,1.000000
423,459,0,1,1.000000
423,460,0,1,1.000000
423,461,0,1,1.000000
423,462,0,1,1.000000
423,463,0,1,1.000000
423,464,0,1,1.000000
423,465,0,1,1.000000
423,466,0,1,1.000000
423,467,0,1,1.000000
423,468,0,1,1.000000
423,469,0,1,1.000000
423,470,0,1,1.000000
423,471,0,1,1.000000
423,472,0,1,1.000000
423,473,0,1,1.000000
423,474,0,1,1.000000
423,475,0,1,1.000000
423,476,0,1,1.000000
423,477,0,1,1.000000
423,478,0,1,1.000000
423,479,0,1,1.000000
423,480,0,1,1.000000
423,481,0,1,1.000000
423,482,0,1,1.000000
423,483,0,1,1.000000
423,484,0,1,1.000000
423,485,0,1,1.000000
486,487,0,1,1.000000
486,488,0,1,1.000000
486,489,0,1,1.000000
486,490,0,1,1.000000
486,491,0,1,1.000000
486,492,0,1,1.000000
486,493,0,1,1.000000
486,494,0,1,1.000000
486,495,0,1,1.000000
486,496,0,1,1.000000
486,497,0,1,1.000000
486,498,0,1,1.000000
486,499,0,1,1.000000
486,500,0,1,1.000000
486,501,0,1,1.000000
486,502,0,1,1.000000
486,503,0,1,1.000000
486,504,0,1,1.000000
486,505,0,1,1.000000
486,506,0,1,1.000000
486,507,0,1,1.000000
486,508,0,1,1.000000
486,509,0,1,1.000000
486,510,0,1,1.000000
486,511,0,1,1.000000
486,512,0,1,1.000000
486,513,0,1,1.000000
486,514,0,1,1.000000
486,515,0,1,1.000000
486,516,0,1,1.000000
486,517,0,1,1.000000
486,518,0,1,1.000000
486,519,0,1,1.000000
486,520,0,1,1.000000
486,521,0,1,1.000000
486,522,0,1,1.000000
486,523,0,1,1.000000
486,524,0,1,1.000000
486,525,0,1,1.000000
486,526,0,1,1.000000
486,527,0,1,1.000000
486,528,0,1,1.000000
486,529,0,1,1.000000
486,530,0,1,1.000000
486,531,0,1,1.000000
486,532,0,1,1.000000
533,534,0,1,1.000000
533,535,0,1,1.000000
533,536,0,1,1.000000
533,537,0,1,1.000000
533,538,0,1,1.000000
533,539,0,1,1.000000
533,540,0,1,1.000000
533,541,0,1,1.000000
533,542,0,1,1.000000
533,543,0,1,1.000000
533,544,0,1,1.000000
533,545,0,1,1.000000
533,546,0,1,1.000000
533,547,0,1,1.000000
533,548,0,1,1.000000
533,549,0,1,1.000000
533,550,0,1,1.000000
533,551,0,1,1.000000
533,552,0,1,1.000000
533,553,0,1,1.000000
533,554,0,1,1.000000
533,555,0,1,1.000000
533,556,0,1,1.000000
533,557,0,1,1.000000
533,558,0,1,1.000000
533,559,0,1,1.000000
533,560,0,1,1.000000
533,561,0,1,1.000000
533,562,0,1,1.000000
533,563,0,1,1.000000
533,564,0,1,1.000000
533,565,0,1,1.000000
533,566,0,1,1.000000
533,567,0,1,1.000000
533,568,0,1,1.000000
533,569,0,1,1.000000
533,570,0,1,1.000000
533,571,0,1,1.000000
533,572,0,1,1.000000
533,573,0,1,1.000000
533,574,0,1,1.000000
533,575,0,1,1.000000
533,576,0,1,1.000000
533,577,0,1,1.000000
533,578,0,1,1.000000
533,579,0,1,1.000000
533,580,0,1,1.000000
533,581,0,1,1.000000
533,582,0,1,1.000000
533,583,0,1,1.000000
533,584,0,1,1.000000
533,585,0,1,1.000000
533,586,0,1,1.000000
533,587,0,1,1.000000
533,588,0,1,1.000000
533,589,0,1,1.000000
533,590,0,1,1.000000
533,591,0,1,1.000000
533,592,0,1,1.000000
533,593,0,1,1.000000
533,594,0,1,1.000000
533,595,0,1,1.000000
533,596,0,1,1.000000
533,597,0,1,1.000000
533,598,0,1,1.000000
533,599,0,1,1.000000
533,600,0,1,1.000000
533,601,0,1,1.000000
533,602,0,1,1.000000
533,603,0,1,1.000000
533,604,0,1,1.000000
533,605,0,1,1.000000
533,606,0,1,1.000000
533,607,0,1,1.000000
533,608,0,1,1.000000
533,609,0,1,1.000000
533,610,0,1,1.000000
533,611,0,1,1.000000
533,612,0,1,1.000000
533,613,0,1,1.000000
533,614,0,1,1.000000
533,615,0,1,1.000000
533,616,0,1,1.000000
533,617,0,1,1.000000
533,618,0,1,1.000000
619,620,0,1,1.000000
619,621,0,1,1.000000
619,622,0,1,1.000000
619,623,0,1,1.000000
624,625,0,1,1.000000
624,626,0,1,1.000000
624,627,0,1,1.000000
624,628,0,1,1.000000
624,629,0,1,1.000000
624,630,0,1,1.000000
624,631,0,1,1.000000
624,632,0,1,1.000000
624,633,0,1,1.000000
624,634,0,1,1.000000
624,635,0,1,1.000000
624,636,0,1,1.000000
637,638,0,1,1.000000
637,639,0,1,1.000000
637,640,0,1,1.000000
637,641,0,1,1.000000
637,642,0,1,1.000000
637,643,0,1,1.000000
637,644,0,1,1.000000
645,646,0,1,1.000000
645,647,0,1,1.000000
645,648,0,1,1.000000
645,649,0,1,1.000000
645,650,0,1,1.000000
645,651,0,1,1.000000
645,652,0,1,1.000000
645,653,0,1,1.000000
645,654,0,1,1.000000
645,655,0,1,1.000000
645,656,0,1,1.000000
645,657,0,1,1.000000
645,658,0,1,1.000000
645,659,0,1,1.000000
645,660,0,1,1.000000
645,661,0,1,1.000000
645,662,0,1,1.000000
645,663,0,1,1.000000
645,664,0,1,1.000000
645,665,0,1,1.000000
645,666,0,1,1.000000
645,667,0,1,1.000000
645,668,0,1,1.000000
645,669,0,1,1.000000
645,670,0,1,1.000000
645,671,0,1,1.000000
645,672,0,1,1.000000
645,673,0,1,1.000000
645,674,0,1,1.000000
645,675,0,1,1.000000
645,676,0,1,1.000000
645,677,0,1,1.000000
645,678,0,1,1.000000
645,679,0,1,1.000000
645,680,0,1,1.000000
645,681,0,1,1.000000
645,682,0,1,1.000000
645,683,0,1,1.000000
645,684,0,1,1.000000
645,685,0,1,1.000000
645,686,0,1,1.000000
645,687,0,1,1.000000
645,688,0,1,1.000000
645,689,0,1,1.000000
645,690,0,1,1.000000
645,691,0,1,1.000000
645,692,0,1,1.000000
645,693,0,1,1.000000
645,694,0,1,1.000000
645,695,0,1,1.000000
645,696,0,1,1.000000
645,697,0,1,1.000000
645,698,0,1,1.000000
645,699,0,1,1.000000
645,700,0,1,1.000000
645,701,0,1,1.000000
645,702,0,1,1.000000
645,703,0,1,1.000000
704,705,0,1,1.000000
704,706,0,1,1.000000
704,707,0,1,1.000000
704,708,0,1,1.000000
704,709,0,1,1.000000
704,710,0,1,1.000000
704,711,0,1,1.000000
704,712,0,1,1.000000
704,713,0,1,1.000000
704,714,0,1,1.000000
704,715,0,1,1.000000
704,716,0,1,1.000000
704,717,0,1,1.000000
704,718,0,1,1.000000
704,719,0,1,1.000000
704,720,0,1,1.000000
704,721,0,1,1.000000
704,722,0,1,1.000000
704,723,0,1,1.000000
704,724,0,1,1.000000
704,725,0,1,1.000000
704,726,0,1,1.000000
704,727,0,1,1.000000
704,728,0,1,1.000000
704,729,0,1,1.000000
704,730,0,1,1.000000
704,731,0,1,1.000000
704,732,0,1,1.000000
704,733,0,1,1.000000
704,734,0,1,1.000000
704,735,0,1,1.000000
704,736,0,1,1.000000
704,737,0,1,1.000000
704,738,0,1,1.000000
704,739,0,1,1.000000
704,740,0,1,1.000000
741,742,0,1,1.000000
741,743,0,1,1.000000
741,744,0,1,1.000000
741,745,0,1,1.000000
741,746,0,1,1.000000
741,747,0,1,1.000000
741,748,0,1,1.000000
741,749,0,1,1.000000
741,750,0,1,1.000000
741,751,0,1,1.000000
741,752,0,1,1.000000
741,753,0,1,1.000000
754,755,0,1,1.000000
754,756,0,1,1.000000
754,757,0,1,1.000000
754,758,0,1,1.000000
754,759,0,1,1.000000
754,760,0,1,1.000000
754,761,0,1,1.000000
754,762,0,1,1.000000
754,763,0,1,1.000000
754,764,0,1,1.000000
754,765,0,1,1.000000
754,766,0,1,1.000000
767,768,0,1,1.000000
767,769,0,1,1.000000
767,770,0,1,1.000000
767,771,0,1,1.000000
767,772,0,1,1.000000
767,773,0,1,1.000000
767,774,0,1,1.000000
767,775,0,1,1.000000
767,776,0,1,1.000000
767,777,0,1,1.000000
767,778,0,1,1.000000
767,779,0,1,1.000000
767,780,0,1,1.000000
767,781,0,1,1.000000
782,783,0,1,1.000000
782,784,0,1,1.000000
782,785,0,1,1.000000
782,786,0,1,1.000000
782,787,0,1,1.000000
782,788,0,1,1.000000
782,789,0,1,1.000000
782,790,0,1,1.000000
782,791,0,1,1.000000
782,792,0,1,1.000000
782,793,0,1,1.000000
782,794,0,1,1.000000
782,795,0,1,1.000000
782,796,0,1,1.000000
782,797,0,1,1.000000
782,798,0,1,1.000000
782,799,0,1,1.000000
782,800,0,1,1.000000
782,801,0,1,1.000000
782,802,0,1,1.000000
782,803,0,1,1.000000
782,804,0,1,1.000000
782,805,0,1,1.000000
782,806,0,1,1.000000
782,807,0,1,1.000000
782,808,0,1,1.000000
782,809,0,1,1.000000
782,810,0,1,1.000000
782,811,0,1,1.000000
782,812,0,1,1.000000
813,814,0,1,1.000000
815,816,0,1,1.000000
815,817,0,1,1.000000
815,818,0,1,1.000000
815,819,0,1,1.000000
815,820,0,1,1.000000
815,821,0,1,1.000000
815,822,0,1,1.000000
815,823,0,1,1.000000
824,825,0,1,1.000000
826,827,0,1,1.000000
826,828,0,1,1.000000
826,829,0,1,1.000000
826,830,0,1,1.000000
826,831,0,1,1.000000
826,832,0,1,1.000000
826,833,0,1,1.000000
826,834,0,1,1.000000
826,835,0,1,1.000000
826,836,0,1,1.000000
826,837,0,1,1.000000
826,838,0,1,1.000000
826,839,0,1,1.000000
826,840,0,1,1.000000
826,841,0,1,1.000000
826,842,0,1,1.000000
826,843,0,1,1.000000
826,844,0,1,1.000000
845,846,0,1,1.000000
845,847,0,1,1.000000
845,848,0,1,1.000000
849,850,0,1,1.000000
849,851,0,1,1.000000
849,852,0,1,1.000000
853,854,0,1,1.000000
855,856,0,1,1.000000
855,857,0,1,1.000000
855,858,0,1,1.000000
855,859,0,1,1.000000
855,860,0,1,1.000000
855,861,0,1,1.000000
855,862,0,1,1.000000
855,863,0,1,1.000000
855,864,0,1,1.000000
855,865,0,1,1.000000
855,866,0,1,1.000000
855,867,0,1,1.000000
868,869,0,1,1.000000
868,870,0,1,1.000000
868,871,0,1,1.000000
868,872,0,1,1.000000
868,873,0,1,1.000000
868,874,0,1,1.000000
868,875,0,1,1.000000
868,876,0,1,1.000000
868,877,0,1,1.000000
868,878,0,1,1.000000
868,879,0,1,1.000000
868,880,0,1,1.000000
868,881,0,1,1.000000
868,882,0,1,1.000000
868,883,0,1,1.000000
868,884,0,1,1.000000
868,885,0,1,1.000000
868,886,0,1,1.000000
868,887,0,1,1.000000
868,888,0,1,1.000000
868,889,0,1,1.000000
890,891,0,1,1.000000
892,893,0,1,1.000000
892,894,0,1,1.000000
892,895,0,1,1.000000
892,896,0,1,1.000000
892,897,0,1,1.000000
892,898,0,1,1.000000
892,899,0,1,1.000000
892,900,0,1,1.000000
892,901,0,1,1.000000
892,902,0,1,1.000000
892,903,0,1,1.000000
892,904,0,1,1.000000
892,905,0,1,1.000000
892,906,0,1,1.000000
892,907,0,1,1.000000
892,908,0,1,1.000000
892,909,0,1,1.000000
892,910,0,1,1.000000
892,911,0,1,1.000000
892,912,0,1,1.000000
892,913,0,1,1.000000
892,914,0,1,1.000000
892,915,0,1,1.000000
892,916,0,1,1.000000
892,917,0,1,1.000000
892,918,0,1,1.000000
892,919,0,1,1.000000
920,921,0,1,1.000000
920,922,0,1,1.000000
920,923,0,1,1.000000
920,924,0,1,1.000000
925,926,0,1,1.000000
925,927,0,1,1.000000
928,929,0,1,1.000000
928,930,0,1,1.000000
928,931,0,1,1.000000
928,932,0,1,1.000000
928,933,0,1,1.000000
928,934,0,1,1.000000
928,935,0,1,1.000000
928,936,0,1,1.000000
928,937,0,1,1.000000
928,938,0,1,1.000000
928,939,0,1,1.000000
928,940,0,1,1.000000
928,941,0,1,1.000000
928,942,0,1,1.000000
928,943,0,1,1.000000
944,945,0,1,1.000000
944,946,0,1,1.000000
944,947,0,1,1.000000
944,948,0,1,1.000000
944,949,0,1,1.000000
944,950,0,1,1.000000
944,951,0,1,1.000000
944,952,0,1,1.000000
944,953,0,1,1.000000
944,954,0,1,1.000000
944,955,0,1,1.000000
944,956,0,1,1.000000
944,957,0,1,1.000000
944,958,0,1,1.000000
944,959,0,1,1.000000
944,960,0,1,1.000000
944,961,0,1,1.000000
944,962,0,1,1.000000
944,963,0,1,1.000000
944,964,0,1,1.000000
944,965,0,1,1.000000
944,966,0,1,1.000000
944,967,0,1,1.000000
944,968,0,1,1.000000
944,969,0,1,1.000000
944,970,0,1,1.000000
944,971,0,1,1.000000
944,972,0,1,1.000000
944,973,0,1,1.000000
944,974,0,1,1.000000
944,975,0,1,1.000000
944,976,0,1,1.000000
944,977,0,1,1.000000
944,978,0,1,1.000000
944,979,0,1,1.000000
944,980,0,1,1.000000
944,981,0,1,1.000000
944,982,0,1,1.000000
944,983,0,1,1.000000
944,984,0,1,1.000000
944,985,0,1,1.000000
944,986,0,1,1.000000
944,987,0,1,1.000000
944,988,0,1,1.000000
944,989,0,1,1.000000
944,990,0,1,1.000000
944,991,0,1,1.000000
944,992,0,1,1.000000
944,993,0,1,1.000000
944,994,0,1,1.000000
944,995,0,1,1.000000
944,996,0,1,1.000000
944,997,0,1,1.000000
944,998,0,1,1.000000
944,999,0,1,1.000000
944,1000,0,1,1.000000
944,1001,0,1,1.000000
944,1002,0,1,1.000000
944,1003,0,1,1.000000
944,1004,0,1,1.000000
944,1005,0,1,1.000000
944,1006,0,1,1.000000
944,1007,0,1,1.000000
944,1008,0,1,1.000000
944,1009,0,1,1.000000
944,1010,0,1,1.000000
944,1011,0,1,1.000000
944,1012,0,1,1.000000
944,1013,0,1,1.000000
944,1014,0,1,1.000000
944,1015,0,1,1.000000
944,1016,0,1,1.000000
944,1017,0,1,1.000000
944,1018,0,1,1.000000
944,1019,0,1,1.000000
944,1020,0,1,1.000000
944,1021,0,1,1.000000
944,1022,0,1,1.000000
944,1023,0,1,1.000000
944,1024,0,1,1.000000
944,1025,0,1,1.000000
944,1026,0,1,1.000000
944,1027,0,1,1.000000
944,1028,0,1,1.000000
944,1029,0,1,1.000000
944,1030,0,1,1.000000
944,1031,0,1,1.000000
944,1032,0,1,1.000000
944,1033,0,1,1.000000
944,1034,0,1,1.000000
944,1035,0,1,1.000000
944,1036,0,1,1.000000
944,1037,0,1,1.000000
944,1038,0,1,1.000000
944,1039,0,1,1.000000
944,1040,0,1,1.000000
944,1041,0,1,1.000000
944,1042,0,1,1.000000
1043,1044,0,1,1.000000
1045,1046,0,1,1.000000
1047,1048,0,1,1.000000
1047,1049,0,1,1.000000
1050,1051,0,1,1.000000
1050,1052,0,1,1.000000
1050,1053,0,1,1.000000
1050,1054,0,1,1.000000
1050,1055,0,1,1.000000
1050,1056,0,1,1.000000
1050,1057,0,1,1.000000
1050,1058,0,1,1.000000
1050,1059,0,1,1.000000
1050,1060,0,1,1.000000
1050,1061,0,1,1.000000
1050,1062,0,1,1.000000
1050,1063,0,1,1.000000
1050,1064,0,1,1.000000
1050,1065,0,1,1.000000
1050,1066,0,1,1.000000
1050,1067,0,1,1.000000
1050,1068,0,1,1.000000
1050,1069,0,1,1.000000
1050,1070,0,1,1.000000
1050,1071,0,1,1.000000
1050,1072,0,1,1.000000
1073,1074,0,1,1.000000
1073,1075,0,1,1.000000
1073,1076,0,1,1.000000
1073,1077,0,1,1.000000
1073,1078,0,1,1.000000
1073,1079,0,1,1.000000
1073,1080,0,1,1.000000
1073,1081,0,1,1.000000
1073,1082,0,1,1.000000
1073,1083,0,1,1.000000
1073,1084,0,1,1.000000
1073,1085,0,1,1.000000
1073,1086,0,1,1.000000
1073,1087,0,1,1.000000
1073,1088,0,1,1.000000
1073,1089,0,1,1.000000
1073,1090,0,1,1.000000
1073,1091,0,1,1.000000
1073,1092,0,1,1.000000
1073,1093,0,1,1.000000
1073,1094,0,1,1.000000
1073,1095,0,1,1.000000
1073,1096,0,1,1.000000
1073,1097,0,1,1.000000
1073,1098,0,1,1.000000
1073,1099,0,1,1.000000
1073,1100,0,1,1.000000
1073,1101,0,1,1.000000
1073,1102,0,1,1.000000
1073,1103,0,1,1.000000
1073,1104,0,1,1.000000
1073,1105,0,1,1.000000
1073,1106,0,1,1.000000
1073,1107,0,1,1.000000
1073,1108,0,1,1.000000
1073,1109,0,1,1.000000
1073,1110,0,1,1.000000
1073,1111,0,1,1.000000
1073,1112,0,1,1.000000
1073,1113,0,1,1.000000
1073,1114,0,1,1.000000
1073,1115,0,1,1.000000
1073,1116,0,1,1.000000
1073,1117,0,1,1.000000
1073,1118,0,1,1.000000
1073,1119,0,1,1.000000
1073,1120,0,1,1.000000
1073,1121,0,1,1.000000
1073,1122,0,1,1.000000
1073,1123,0,1,1.000000
1073,1124,0,1,1.000000
1073,1125,0,1,1.000000
1073,1126,0,1,1.000000
1073,1127,0,1,1.000000
1073,1128,0,1,1.000000
1073,1129,0,1,1.000000
1073,1130,0,1,1.000000
1073,1131,0,1,1.000000
1073,1132,0,1,1.000000
1073,1133,0,1,1.000000
1073,1134,0,1,1.000000
1073,1135,0,1,1.000000
1073,1136,0,1,1.000000
1073,1137,0,1,1.000000
1073,1138,0,1,1.000000
1073,1139,0,1,1.000000
1073,1140,0,1,1.000000
1073,1141,0,1,1.000000
1073,1142,0,1,1.000000
1073,1143,0,1,1.000000
1073,1144,0,1,1.000000
1073,1145,0,1,1.000000
1073,1146,0,1,1.000000
1073,1147,0,1,1.000000
1073,1148,0,1,1.000000
1073,1149,0,1,1.000000
1073,1150,0,1,1.000000
1073,1151,0,1,1.000000
1073,1152,0,1,1.000000
1073,1153,0,1,1.000000
1073,1154,0,1,1.000000
1073,1155,0,1,1.000000
1073,1156,0,1,1.000000
1073,1157,0,1,1.000000
1073,1158,0,1,1.000000
1073,1159,0,1,1.000000
1073,1160,0,1,1.000000
1073,1161,0,1,1.000000
1073,1162,0,1,1.000000
1073,1163,0,1,1.000000
1073,1164,0,1,1.000000
1073,1165,0,1,1.000000
1073,1166,0,1,1.000000
1073,1167,0,1,1.000000
1073,1168,0,1,1.000000
1073,1169,0,1,1.000000
1073,1170,0,1,1.000000
1073,1171,0,1,1.000000
1073,1172,0,1,1.000000
1073,1173,0,1,1.000000
1073,1174,0,1,1.000000
1073,1175,0,1,1.000000
1073,1176,0,1,1.000000
1073,1177,0,1,1.000000
1073,1178,0,1,1.000000
1073,1179,0,1,1.000000
1073,1180,0,1,1.000000
1073,1181,0,1,1.000000
1073,1182,0,1,1.000000
1073,1183,0,1,1.000000
1073,1184,0,1,1.000000
1073,1185,0,1,1.000000
1073,1186,0,1,1.000000
1073,1187,0,1,1.000000
1073,1188,0,1,1.000000
1073,1189,0,1,1.000000
1073,1190,0,1,1.000000
1073,1191,0,1,1.000000
1073,1192,0,1,1.000000
1073,1193,0,1,1.000000
1073,1194,0,1,1.000000
1073,1195,0,1,1.000000
1073,1196,0,1,1.000000
1073,1197,0,1,1.000000
1073,1198,0,1,1.000000
1073,1199,0,1,1.000000
1073,1200,0,1,1.000000
1073,1201,0,1,1.000000
1073,1202,0,1,1.000000
1073,1203,0,1,1.000000
1073,1204,0,1,1.000000
1073,1205,0,1,1.000000
1073,1206,0,1,1.000000
1073,1207,0,1,1.000000
1073,1208,0,1,1.000000
1073,1209,0,1,1.000000
1073,1210,0,1,1.000000
1073,1211,0,1,1.000000
1073,1212,0,1,1.000000
1073,1213,0,1,1.000000
1073,1214,0,1,1.000000
1073,1215,0,1,1.000000
1073,1216,0,1,1.000000
1073,1217,0,1,1.000000
1073,1218,0,1,1.000000
1073,1219,0,1,1.000000
1073,1220,0,1,1.000000
1073,1221,0,1,1.000000
1073,1222,0,1,1.000000
1073,1223,0,1,1.000000
1073,1224,0,1,1.000000
1073,1225,0,1,1.000000
1073,1226,0,1,1.000000
1073,1227,0,1,1.000000
1073,1228,0,1,1.000000
1073,1229,0,1,1.000000
1073,1230,0,1,1.000000
1073,1231,0,1,1.000000
1073,1232,0,1,1.000000
1073,1233,0,1,1.000000
1234,1235,0,1,1.000000
1236,1237,0,1,1.000000
1236,1238,0,1,1.000000
1236,1239,0,1,1.000000
1236,1240,0,1,1.000000
1236,1241,0,1,1.000000
1242,1243,0,1,1.000000
1242,1244,0,1,1.000000
1242,1245,0,1,1.000000
1242,1246,0,1,1.000000
1242,1247,0,1,1.000000
1242,1248,0,1,1.000000
1242,1249,0,1,1.000000
1242,1250,0,1,1.000000
1242,1251,0,1,1.000000
1242,1252,0,1,1.000000
1253,1254,0,1,1.000000
1253,1255,0,1,1.000000
1253,1256,0,1,1.000000
1253,1257,0,1,1.000000
1253,1258,0,1,1.000000
1253,1259,0,1,1.000000
1253,1260,0,1,1.000000
1253,1261,0,1,1.000000
1253,1262,0,1,1.000000
1253,1263,0,1,1.000000
1253,1264,0,1,1.000000
1253,1265,0,1,1.000000
1253,1266,0,1,1.000000
1253,1267,0,1,1.000000
1253,1268,0,1,1.000000
1253,1269,0,1,1.000000
1253,1270,0,1,1.000000
1253,1271,0,1,1.000000
1253,1272,0,1,1.000000
1253,1273,0,1,1.000000
1274,1275,0,1,1.000000
1274,1276,0,1,1.000000
1274,1277,0,1,1.000000
1274,1278,0,1,1.000000
1274,1279,0,1,1.000000
1274,1280,0,1,1.000000
1274,1281,0,1,1.000000
1274,1282,0,1,1.000000
1274,1283,0,1,1.000000
1274,1284,0,1,1.000000
1274,1285,0,1,1.000000
1274,1286,0,1,1.000000
1274,1287,0,1,1.000000
1274,1288,0,1,1.000000
1274,1289,0,1,1.000000
1274,1290,0,1,1.000000
1274,1291,0,1,1.000000
1292,1293,0,1,1.000000
1292,1294,0,1,1.000000
1295,1296,0,1,1.000000
1295,1297,0,1,1.000000
1295,1298,0,1,1.000000
1295,1299,0,1,1.000000
1295,1300,0,1,1.000000
1295,1301,0,1,1.000000
1295,1302,0,1,1.000000
1303,1304,0,1,1.000000
1303,1305,0,1,1.000000
1303,1306,0,1,1.000000
1303,1307,0,1,1.000000
1303,1308,0,1,1.000000
1303,1309,0,1,1.000000
1310,1311,0,1,1.000000
1310,1312,0,1,1.000000
1310,1313,0,1,1.000000
1310,1314,0,1,1.000000
1310,1315,0,1,1.000000
1310,1316,0,1,1.000000
1310,1317,0,1,1.000000
1310,1318,0,1,1.000000
1310,1319,0,1,1.000000
1310,1320,0,1,1.000000
1310,1321,0,1,1.000000
1310,1322,0,1,1.000000
1310,1323,0,1,1.000000
1310,1324,0,1,1.000000
1310,1325,0,1,1.000000
1310,1326,0,1,1.000000
1310,1327,0,1,1.000000
1310,1328,0,1,1.000000
1310,1329,0,1,1.000000
1310,1330,0,1,1.000000
1310,1331,0,1,1.000000
1310,1332,0,1,1.000000
1310,1333,0,1,1.000000
1310,1334,0,1,1.000000
1310,1335,0,1,1.000000
1310,1336,0,1,1.000000
1310,1337,0,1,1.000000
1310,1338,0,1,1.000000
1310,1339,0,1,1.000000
1310,1340,0,1,1.000000
1310,1341,0,1,1.000000
1310,1342,0,1,1.000000
1310,1343,0,1,1.000000
1310,1344,0,1,1.000000
1310,1345,0,1,1.000000
1310,1346,0,1,1.000000
1310,1347,0,1,1.000000
1310,1348,0,1,1.000000
1310,1349,0,1,1.000000
1310,1350,0,1,1.000000
1310,1351,0,1,1.000000
1310,1352,0,1,1.000000
1310,1353,0,1,1.000000
1310,1354,0,1,1.000000
1310,1355,0,1,1.000000
1310,1356,0,1,1.000000
1310,1357,0,1,1.000000
1310,1358,0,1,1.000000
1310,1359,0,1,1.000000
1310,1360,0,1,1.000000
1310,1361,0,1,1.000000
1310,1362,0,1,1.000000
1310,1363,0,1,1.000000
1310,1364,0,1,1.000000
1310,1365,0,1,1.000000
1310,1366,0,1,1.000000
1310,1367,0,1,1.000000
1310,1368,0,1,1.000000
1310,1369,0,1,1.000000
1310,1370,0,1,1.000000
1310,1371,0,1,1.000000
1310,1372,0,1,1.000000
1310,1373,0,1,1.000000
1310,1374,0,1,1.000000
1310,1375,0,1,1.000000
1310,1376,0,1,1.000000
1310,1377,0,1,1.000000
1310,1378,0,1,1.000000
1310,1379,0,1,1.000000
1310,1380,0,1,1.000000
1310,1381,0,1,1.000000
1310,1382,0,1,1.000000
1310,1383,0,1,1.000000
1310,1384,0,1,1.000000
1310,1385,0,1,1.000000
1310,1386,0,1,1.000000
1310,1387,0,1,1.000000
1310,1388,0,1,1.000000
1310,1389,0,1,1.000000
1310,1390,0,1,1.000000
1310,1391,0,1,1.000000
1310,1392,0,1,1.000000
1310,1393,0,1,1.000000
1310,1394,0,1,1.000000
1310,1395,0,1,1.000000
1310,1396,0,1,1.000000
1310,1397,0,1,1.000000
1310,1398,0,1,1.000000
1310,1399,0,1,1.000000
1310,1400,0,1,1.000000
1310,1401,0,1,1.000000
1310,1402,0,1,1.000000
1310,1403,0,1,1.000000
1310,1404,0,1,1.000000
1310,1405,0,1,1.000000
1310,1406,0,1,1.000000
1407,1408,0,1,1.000000
1407,1409,0,1,1.000000
1407,1410,0,1,1.000000
1407,1411,0,1,1.000000
1407,1412,0,1,1.000000
1407,1413,0,1,1.000000
1407,1414,0,1,1.000000
1407,1415,0,1,1.000000
1407,1416,0,1,1.000000
1407,1417,0,1,1.000000
1407,1418,0,1,1.000000
1407,1419,0,1,1.000000
1407,1420,0,1,1.000000
1421,1422,0,1,1.000000
1421,1423,0,1,1.000000
1421,1424,0,1,1.000000
1421,1425,0,1,1.000000
1421,1426,0,1,1.000000
1421,1427,0,1,1.000000
1421,1428,0,1,1.000000
1421,1429,0,1,1.000000
1421,1430,0,1,1.000000
1421,1431,0,1,1.000000
1421,1432,0,1,1.000000
1421,1433,0,1,1.000000
1421,1434,0,1,1.000000
1421,1435,0,1,1.000000
1421,1436,0,1,1.000000
1421,1437,0,1,1.000000
1421,1438,0,1,1.000000
1421,1439,0,1,1.000000
1421,1440,0,1,1.000000
1421,1441,0,1,1.000000
1421,1442,0,1,1.000000
1421,1443,0,1,1.000000
1421,1444,0,1,1.000000
1445,1446,0,1,1.000000
1445,1447,0,1,1.000000
1445,1448,0,1,1.000000
1445,1449,0,1,1.000000
1445,1450,0,1,1.000000
1445,1451,0,1,1.000000
1445,1452,0,1,1.000000
1445,1453,0,1,1.000000
1445,1454,0,1,1.000000
1445,1455,0,1,1.000000
1445,1456,0,1,1.000000
1445,1457,0,1,1.000000
1445,1458,0,1,1.000000
1445,1459,0,1,1.000000
1445,1460,0,1,1.000000
1445,1461,0,1,1.000000
1445,1462,0,1,1.000000
1445,1463,0,1,1.000000
1445,1464,0,1,1.000000
1445,1465,0,1,1.000000
1445,1466,0,1,1.000000
1445,1467,0,1,1.000000
1445,1468,0,1,1.000000
1445,1469,0,1,1.000000
1445,1470,0,1,1.000000
1445,1471,0,1,1.000000
1445,1472,0,1,1.000000
1445,1473,0,1,1.000000
1445,1474,0,1,1.000000
1445,1475,0,1,1.000000
1445,1476,0,1,1.000000
1445,1477,0,1,1.000000
1445,1478,0,1,1.000000
1445,1193,0,1,1.000000
1445,1479,0,1,1.000000
1445,1480,0,1,1.000000
1445,1481,0,1,1.000000
1445,1482,0,1,1.000000
1445,1483,0,1,1.000000
1445,1484,0,1,1.000000
1445,1485,0,1,1.000000
1445,1486,0,1,1.000000
1445,1487,0,1,1.000000
1445,1488,0,1,1.000000
1489,1490,0,1,1.000000
1489,1491,0,1,1.000000
1489,1492,0,1,1.000000
1489,1493,0,1,1.000000
1489,1494,0,1,1.000000
1489,1495,0,1,1.000000
1489,1496,0,1,1.000000
1489,1497,0,1,1.000000
1489,1498,0,1,1.000000
1499,1500,0,1,1.000000
1499,1501,0,1,1.000000
1499,1502,0,1,1.000000
1499,1503,0,1,1.000000
1499,1504,0,1,1.000000
1499,1505,0,1,1.000000
1499,1506,0,1,1.000000
1499,1507,0,1,1.000000
1499,1508,0,1,1.000000
1499,1509,0,1,1.000000
1499,1510,0,1,1.000000
1499,1511,0,1,1.000000
1499,1512,0,1,1.000000
1499,1513,0,1,1.000000
1499,1514,0,1,1.000000
1499,1515,0,1,1.000000
1499,1516,0,1,1.000000
1499,1517,0,1,1.000000
1499,1518,0,1,1.000000
1499,1519,0,1,1.000000
1499,1520,0,1,1.000000
1499,1521,0,1,1.000000
1499,1522,0,1,1.000000
1499,1523,0,1,1.000000
1499,1524,0,1,1.000000
1499,1525,0,1,1.000000
1526,1527,0,1,1.000000
1526,1528,0,1,1.000000
1526,1529,0,1,1.000000
1526,1530,0,1,1.000000
1526,1531,0,1,1.000000
1526,1532,0,1,1.000000
1526,1533,0,1,1.000000
1526,1534,0,1,1.000000
1526,1535,0,1,1.000000
1526,1536,0,1,1.000000
1537,1538,0,1,1.000000
1537,1539,0,1,1.000000
1540,1541,0,1,1.000000
1542,1543,0,1,1.000000
1542,1544,0,1,1.000000
1545,1546,0,1,1.000000
1545,1547,0,1,1.000000
1545,1548,0,1,1.000000
1545,1549,0,1,1.000000
1545,1550,0,1,1.000000
1545,1551,0,1,1.000000
1545,1552,0,1,1.000000
1545,1553,0,1,1.000000
1545,1554,0,1,1.000000
1545,1555,0,1,1.000000
1545,1556,0,1,1.000000
1545,1557,0,1,1.000000
1545,1558,0,1,1.000000
1545,1559,0,1,1.000000
1545,1560,0,1,1.000000
1545,1561,0,1,1.000000
1545,1562,0,1,1.000000
1545,1563,0,1,1.000000
1545,1564,0,1,1.000000
1545,1565,0,1,1.000000
1545,1566,0,1,1.000000
1545,1567,0,1,1.000000
1545,1568,0,1,1.000000
1545,1569,0,1,1.000000
1545,1570,0,1,1.000000
1545,1571,0,1,1.000000
1545,1572,0,1,1.000000
1545,1573,0,1,1.000000
1545,1574,0,1,1.000000
1545,1575,0,1,1.000000
1545,1576,0,1,1.000000
1545,1577,0,1,1.000000
1545,1578,0,1,1.000000
1545,1579,0,1,1.000000
1545,1580,0,1,1.000000
1545,1581,0,1,1.000000
1545,1582,0,1,1.000000
1545,1583,0,1,1.000000
1584,1585,0,1,1.000000
1586,1587,0,1,1.000000
1586,1588,0,1,1.000000
1586,1589,0,1,1.000000
1586,1590,0,1,1.000000
1586,1591,0,1,1.000000
1586,1592,0,1,1.000000
1586,1593,0,1,1.000000
1586,1594,0,1,1.000000
1586,1595,0,1,1.000000
1586,1596,0,1,1.000000
1586,1597,0,1,1.000000
1586,1598,0,1,1.000000
1586,1599,0,1,1.000000
1586,1600,0,1,1.000000
1586,1601,0,1,1.000000
1586,1602,0,1,1.000000
1586,1603,0,1,1.000000
1586,1604,0,1,1.000000
1586,1605,0,1,1.000000
1586,1606,0,1,1.000000
1586,1607,0,1,1.000000
1586,1608,0,1,1.000000
1586,1609,0,1,1.000000
1586,1610,0,1,1.000000
1586,1611,0,1,1.000000
1586,1612,0,1,1.000000
1586,1613,0,1,1.000000
1586,1614,0,1,1.000000
1586,1615,0,1,1.000000
1586,1616,0,1,1.000000
1586,1617,0,1,1.000000
1586,1618,0,1,1.000000
1586,1619,0,1,1.000000
1586,1620,0,1,1.000000
1586,1621,0,1,1.000000
1586,1622,0,1,1.000000
1586,1623,0,1,1.000000
1586,1624,0,1,1.000000
1586,1625,0,1,1.000000
1586,1626,0,1,1.000000
1586,1627,0,1,1.000000
1586,1628,0,1,1.000000
1586,1629,0,1,1.000000
1586,1630,0,1,1.000000
1586,1631,0,1,1.000000
1586,1632,0,1,1.000000
1586,1633,0,1,1.000000
1586,1634,0,1,1.000000
1586,1635,0,1,1.000000
1586,1636,0,1,1.000000
1586,1637,0,1,1.000000
1586,1638,0,1,1.000000
1586,1639,0,1,1.000000
1586,1640,0,1,1.000000
1586,1641,0,1,1.000000
1642,1643,0,1,1.000000
1642,1644,0,1,1.000000
1642,1645,0,1,1.000000
1642,1646,0,1,1.000000
1642,1647,0,1,1.000000
1642,1648,0,1,1.000000
1642,1649,0,1,1.000000
1642,1650,0,1,1.000000
1642,1651,0,1,1.000000
1642,1652,0,1,1.000000
1642,1653,0,1,1.000000
1642,1654,0,1,1.000000
1642,1655,0,1,1.000000
1642,1656,0,1,1.000000
1642,1657,0,1,1.000000
1642,1658,0,1,1.000000
1642,1659,0,1,1.000000
1642,1660,0,1,1.000000
1642,1661,0,1,1.000000
1642,1662,0,1,1.000000
1642,1663,0,1,1.000000
1642,1664,0,1,1.000000
1642,1665,0,1,1.000000
1642,1666,0,1,1.000000
1642,1667,0,1,1.000000
1642,1668,0,1,1.000000
1642,1669,0,1,1.000000
1642,1670,0,1,1.000000
1642,1671,0,1,1.000000
1642,1672,0,1,1.000000
1642,1673,0,1,1.000000
1642,1674,0,1,1.000000
1642,1675,0,1,1.000000
1642,1676,0,1,1.000000
1642,1677,0,1,1.000000
1642,1678,0,1,1.000000
1642,1679,0,1,1.000000
1642,1680,0,1,1.000000
1642,1681,0,1,1.000000
1642,1682,0,1,1.000000
1642,1683,0,1,1.000000
1642,1684,0,1,1.000000
1642,1685,0,1,1.000000
1642,1686,0,1,1.000000
1642,1687,0,1,1.000000
1642,1688,0,1,1.000000
1642,1689,0,1,1.000000
1642,1690,0,1,1.000000
1642,1691,0,1,1.000000
1642,1692,0,1,1.000000
1642,1693,0,1,1.000000
1642,1694,0,1,1.000000
1642,1695,0,1,1.000000
1642,1696,0,1,1.000000
1642,1697,0,1,1.000000
1642,1698,0,1,1.000000
1699,1700,0,1,1.000000
1699,1701,0,1,1.000000
1702,1703,0,1,1.000000
1702,1704,0,1,1.000000
1702,1705,0,1,1.000000
1702,1706,0,1,1.000000
1702,1707,0,1,1.000000
1702,1708,0,1,1.000000
1702,1709,0,1,1.000000
1702,1710,0,1,1.000000
1702,1711,0,1,1.000000
1702,1712,0,1,1.000000
1702,1713,0,1,1.000000
1702,1714,0,1,1.000000
1702,1715,0,1,1.000000
1702,1716,0,1,1.000000
1702,1717,0,1,1.000000
1702,1718,0,1,1.000000
1702,1719,0,1,1.000000
1702,1720,0,1,1.000000
1702,1721,0,1,1.000000
1702,1722,0,1,1.000000
1702,1723,0,1,1.000000
1702,1724,0,1,1.000000
1702,1725,0,1,1.000000
1702,1726,0,1,1.000000
1702,1727,0,1,1.000000
1702,1728,0,1,1.000000
1702,1729,0,1,1.000000
1702,1730,0,1,1.000000
1702,1731,0,1,1.000000
1702,1732,0,1,1.000000
1702,1733,0,1,1.000000
1702,1734,0,1,1.000000
1702,1735,0,1,1.000000
1702,1736,0,1,1.000000
1702,1737,0,1,1.000000
1702,1738,0,1,1.000000
1702,1739,0,1,1.000000
1702,1740,0,1,1.000000
1702,1741,0,1,1.000000
1702,1742,0,1,1.000000
1702,1743,0,1,1.000000
1702,1744,0,1,1.000000
1702,1745,0,1,1.000000
1702,1746,0,1,1.000000
1702,1747,0,1,1.000000
1702,1748,0,1,1.000000
1702,1749,0,1,1.000000
1702,1750,0,1,1.000000
1702,1751,0,1,1.000000
1702,1752,0,1,1.000000
1702,1753,0,1,1.000000
1702,1754,0,1,1.000000
1755,1756,0,1,1.000000
1755,1757,0,1,1.000000
1755,1758,0,1,1.000000
1755,1759,0,1,1.000000
1755,1760,0,1,1.000000
1761,1762,0,1,1.000000
1761,1763,0,1,1.000000
1761,1764,0,1,1.000000
1761,1765,0,1,1.000000
1761,1766,0,1,1.000000
1761,1767,0,1,1.000000
1761,1768,0,1,1.000000
1761,1769,0,1,1.000000
1761,1770,0,1,1.000000
1761,1771,0,1,1.000000
1761,1772,0,1,1.000000
1761,1773,0,1,1.000000
1761,1774,0,1,1.000000
1761,1775,0,1,1.000000
1761,1776,0,1,1.000000
1761,1777,0,1,1.000000
1778,1779,0,1,1.000000
1778,1780,0,1,1.000000
1778,1781,0,1,1.000000
1778,1782,0,1,1.000000
1778,1783,0,1,1.000000
1784,1785,0,1,1.000000
1784,1786,0,1,1.000000
1784,1787,0,1,1.000000
1784,1788,0,1,1.000000
1784,1789,0,1,1.000000
1784,1790,0,1,1.000000
1784,1791,0,1,1.000000
1784,1792,0,1,1.000000
1784,1793,0,1,1.000000
1784,1794,0,1,1.000000
1784,1795,0,1,1.000000
1784,1796,0,1,1.000000
1784,1797,0,1,1.000000
1784,1798,0,1,1.000000
1784,1799,0,1,1.000000
1784,1800,0,1,1.000000
1784,1801,0,1,1.000000
1784,1802,0,1,1.000000
1784,1803,0,1,1.000000
1784,1804,0,1,1.000000
1784,1805,0,1,1.000000
1784,1806,0,1,1.000000
1784,1807,0,1,1.000000
1784,1808,0,1,1.000000
1809,1810,0,1,1.000000
1811,1812,0,1,1.000000
1811,1813,0,1,1.000000
1811,1814,0,1,1.000000
1811,1815,0,1,1.000000
1811,1816,0,1,1.000000
1811,1817,0,1,1.000000
1811,1818,0,1,1.000000
1811,1819,0,1,1.000000
1811,1820,0,1,1.000000
1811,1821,0,1,1.000000
1811,1822,0,1,1.000000
1811,1823,0,1,1.000000
1811,1824,0,1,1.000000
1811,1825,0,1,1.000000
1826,1827,0,1,1.000000
1826,1828,0,1,1.000000
1826,1829,0,1,1.000000
1826,1830,0,1,1.000000
1826,1831,0,1,1.000000
1826,1832,0,1,1.000000
1826,1833,0,1,1.000000
1826,1834,0,1,1.000000
1826,1835,0,1,1.000000
1826,1836,0,1,1.000000
1826,1837,0,1,1.000000
1826,1838,0,1,1.000000
1826,1839,0,1,1.000000
1826,1840,0,1,1.000000
1826,1841,0,1,1.000000
1826,1842,0,1,1.000000
1826,1843,0,1,1.000000
1826,1844,0,1,1.000000
1826,1845,0,1,1.000000
1826,1846,0,1,1.000000
1826,1847,0,1,1.000000
1826,1848,0,1,1.000000
1826,1849,0,1,1.000000
1826,1850,0,1,1.000000
1826,1851,0,1,1.000000
1826,1852,0,1,1.000000
1826,1853,0,1,1.000000
1826,1854,0,1,1.000000
1826,1855,0,1,1.000000
1826,1856,0,1,1.000000
1857,1858,0,1,1.000000
1857,1859,0,1,1.000000
1857,1860,0,1,1.000000
1857,1861,0,1,1.000000
1857,1862,0,1,1.000000
1857,1863,0,1,1.000000
1857,1864,0,1,1.000000
1857,1865,0,1,1.000000
1857,1866,0,1,1.000000
1857,1867,0,1,1.000000
1857,1868,0,1,1.000000
1857,1869,0,1,1.000000
1857,1870,0,1,1.000000
1857,1871,0,1,1.000000
1857,1872,0,1,1.000000
1857,1873,0,1,1.000000
1857,1874,0,1,1.000000
1857,1875,0,1,1.000000
1857,1876,0,1,1.000000
1857,1877,0,1,1.000000
1857,1878,0,1,1.000000
1857,1879,0,1,1.000000
1857,1880,0,1,1.000000
1857,1881,0,1,1.000000
1857,1882,0,1,1.000000
1857,1883,0,1,1.000000
1857,1884,0,1,1.000000
1857,1885,0,1,1.000000
1857,1886,0,1,1.000000
1857,1887,0,1,1.000000
1857,1888,0,1,1.000000
1857,1889,0,1,1.000000
1857,1890,0,1,1.000000
1857,1891,0,1,1.000000
1857,1892,0,1,1.000000
1857,1893,0,1,1.000000
1857,1894,0,1,1.000000
1857,1895,0,1,1.000000
1857,1896,0,1,1.000000
1857,1897,0,1,1.000000
1857,1898,0,1,1.000000
1857,1899,0,1,1.000000
1857,1900,0,1,1.000000
1857,1901,0,1,1.000000
1857,1902,0,1,1.000000
1857,1903,0,1,1.000000
1857,1904,0,1,1.000000
1857,1905,0,1,1.000000
1857,1906,0,1,1.000000
1857,1907,0,1,1.000000
1857,1908,0,1,1.000000
1857,1909,0,1,1.000000
1857,1910,0,1,1.000000
1857,1911,0,1,1.000000
1857,1912,0,1,1.000000
1857,1913,0,1,1.000000
1857,1914,0,1,1.000000
1857,1915,0,1,1.000000
1857,1916,0,1,1.000000
1857,1917,0,1,1.000000
1918,1919,0,1,1.000000
1918,1920,0,1,1.000000
1918,1921,0,1,1.000000
1918,1922,0,1,1.000000
1918,1923,0,1,1.000000
1918,1924,0,1,1.000000
1918,1925,0,1,1.000000
1918,1926,0,1,1.000000
1918,1927,0,1,1.000000
1918,1928,0,1,1.000000
1918,1929,0,1,1.000000
1918,1930,0,1,1.000000
1918,1931,0,1,1.000000
1918,1932,0,1,1.000000
1918,1933,0,1,1.000000
1918,1934,0,1,1.000000
1935,1936,0,1,1.000000
1935,1937,0,1,1.000000
1935,1938,0,1,1.000000
1935,1939,0,1,1.000000
1935,1940,0,1,1.000000
1935,1941,0,1,1.000000
1935,1942,0,1,1.000000
1935,1943,0,1,1.000000
1935,1944,0,1,1.000000
1935,1945,0,1,1.000000
1935,1946,0,1,1.000000
1935,1947,0,1,1.000000
1935,1948,0,1,1.000000
1935,1949,0,1,1.000000
1950,1951,0,1,1.000000
1950,1952,0,1,1.000000
1950,1953,0,1,1.000000
1950,1954,0,1,1.000000
1955,1956,0,1,1.000000
1955,1957,0,1,1.000000
1955,1958,0,1,1.000000
1955,1959,0,1,1.000000
1955,1960,0,1,1.000000
1955,1961,0,1,1.000000
1955,1962,0,1,1.000000
1955,1963,0,1,1.000000
1955,1964,0,1,1.000000
1955,1965,0,1,1.000000
1955,1966,0,1,1.000000
1955,1967,0,1,1.000000
1955,1968,0,1,1.000000
1955,1969,0,1,1.000000
1955,1970,0,1,1.000000
1955,1971,0,1,1.000000
1955,1972,0,1,1.000000
1955,1973,0,1,1.000000
1955,1974,0,1,1.000000
1955,1975,0,1,1.000000
1976,1977,0,1,1.000000
1976,1978,0,1,1.000000
1979,1980,0,1,1.000000
1979,1981,0,1,1.000000
1979,1982,0,1,1.000000
1979,1983,0,1,1.000000
1979,1984,0,1,1.000000
1979,1985,0,1,1.000000
1979,1986,0,1,1.000000
1979,1987,0,1,1.000000
1988,1989,0,1,1.000000
1988,1990,0,1,1.000000
1988,1991,0,1,1.000000
1988,1992,0,1,1.000000
1988,1993,0,1,1.000000
1994,1995,0,1,1.000000
1994,1996,0,1,1.000000
1997,1998,0,1,1.000000
1997,1999,0,1,1.000000
1997,2000,0,1,1.000000
1997,2001,0,1,1.000000
1997,2002,0,1,1.000000
1997,2003,0,1,1.000000
2004,2005,0,1,1.000000
2004,2006,0,1,1.000000
2004,2007,0,1,1.000000
2004,2008,0,1,1.000000
2004,2009,0,1,1.000000
2004,2010,0,1,1.000000
2004,2011,0,1,1.000000
2004,2012,0,1,1.000000
2004,2013,0,1,1.000000
2004,2014,0,1,1.000000
2004,2015,0,1,1.000000
2004,2016,0,1,1.000000
2004,2017,0,1,1.000000
2004,2018,0,1,1.000000
2004,2019,0,1,1.000000
2004,2020,0,1,1.000000
2004,2021,0,1,1.000000
2004,2022,0,1,1.000000
2004,2023,0,1,1.000000
2004,2024,0,1,1.000000
2004,2025,0,1,1.000000
2004,2026,0,1,1.000000
2004,2027,0,1,1.000000
2004,2028,0,1,1.000000
2004,2029,0,1,1.000000
2004,2030,0,1,1.000000
2004,2031,0,1,1.000000
2004,2032,0,1,1.000000
2004,2033,0,1,1.000000
2004,2034,0,1,1.000000
2004,2035,0,1,1.000000
2004,2036,0,1,1.000000
2004,2037,0,1,1.000000
2004,2038,0,1,1.000000
2004,2039,0,1,1.000000
2004,2040,0,1,1.000000
2004,2041,0,1,1.000000
2004,2042,0,1,1.000000
2004,2043,0,1,1.000000
2004,2044,0,1,1.000000
2004,2045,0,1,1.000000
2004,2046,0,1,1.000000
2004,2047,0,1,1.000000
2004,2048,0,1,1.000000
2004,2049,0,1,1.000000
2004,2050,0,1,1.000000
2004,2051,0,1,1.000000
2004,2052,0,1,1.000000
2004,2053,0,1,1.000000
2004,2054,0,1,1.000000
2004,2055,0,1,1.000000
2004,2056,0,1,1.000000
2004,2057,0,1,1.000000
2004,2058,0,1,1.000000
2004,2059,0,1,1.000000
2004,2060,0,1,1.000000
2004,2061,0,1,1.000000
2004,2062,0,1,1.000000
2004,2063,0,1,1.000000
2004,2064,0,1,1.000000
2004,2065,0,1,1.000000
2004,2066,0,1,1.000000
2004,2067,0,1,1.000000
2004,2068,0,1,1.000000
2004,2069,0,1,1.000000
2004,2070,0,1,1.000000
2004,2071,0,1,1.000000
2072,2073,0,1,1.000000
2072,2074,0,1,1.000000
2072,2075,0,1,1.000000
2072,2076,0,1,1.000000
2072,2077,0,1,1.000000
2072,2078,0,1,1.000000
2072,2079,0,1,1.000000
2072,2080,0,1,1.000000
2072,2081,0,1,1.000000
2072,2082,0,1,1.000000
2072,2083,0,1,1.000000
2072,2084,0,1,1.000000
2072,2085,0,1,1.000000
2072,2086,0,1,1.000000
2072,2087,0,1,1.000000
2072,2088,0,1,1.000000
2072,2089,0,1,1.000000
2072,2090,0,1,1.000000
2072,2091,0,1,1.000000
2072,2092,0,1,1.000000
2072,2093,0,1,1.000000
2094,2095,0,1,1.000000
2094,2096,0,1,1.000000
2094,2097,0,1,1.000000
2094,2098,0,1,1.000000
2094,2099,0,1,1.000000
2094,2100,0,1,1.000000
2094,2101,0,1,1.000000
2094,2102,0,1,1.000000
2094,2103,0,1,1.000000
2094,2104,0,1,1.000000
2094,2105,0,1,1.000000
2094,2106,0,1,1.000000
2094,2107,0,1,1.000000
2094,2108,0,1,1.000000
2094,2109,0,1,1.000000
2094,2110,0,1,1.000000
2094,2111,0,1,1.000000
2094,2112,0,1,1.000000
2094,2113,0,1,1.000000
2094,2114,0,1,1.000000
2094,2115,0,1,1.000000
2094,2116,0,1,1.000000
2094,2117,0,1,1.000000
2094,2118,0,1,1.000000
2094,2119,0,1,1.000000
2094,2120,0,1,1.000000
2094,2121,0,1,1.000000
2094,2122,0,1,1.000000
2094,2123,0,1,1.000000
2094,2124,0,1,1.000000
2094,2125,0,1,1.000000
2094,2126,0,1,1.000000
2094,2127,0,1,1.000000
2094,2128,0,1,1.000000
2094,2129,0,1,1.000000
2094,2130,0,1,1.000000
2094,2131,0,1,1.000000
2094,2132,0,1,1.000000
2094,2133,0,1,1.000000
2094,2134,0,1,1.000000
2094,2135,0,1,1.000000
2094,2136,0,1,1.000000
2094,2137,0,1,1.000000
2094,2138,0,1,1.000000
2094,2139,0,1,1.000000
2094,2140,0,1,1.000000
2094,2141,0,1,1.000000
2094,2142,0,1,1.000000
2094,2143,0,1,1.000000
2094,2144,0,1,1.000000
2094,2145,0,1,1.000000
2094,2146,0,1,1.000000
2094,2147,0,1,1.000000
2094,2148,0,1,1.000000
2094,2149,0,1,1.000000
2094,2150,0,1,1.000000
2094,2151,0,1,1.000000
2094,2152,0,1,1.000000
2094,2153,0,1,1.000000
2094,2154,0,1,1.000000
2094,2155,0,1,1.000000
2094,2156,0,1,1.000000
2094,2157,0,1,1.000000
2094,2158,0,1,1.000000
2094,2159,0,1,1.000000
2094,2160,0,1,1.000000
2094,2161,0,1,1.000000
2094,2162,0,1,1.000000
2094,2163,0,1,1.000000
2094,2164,0,1,1.000000
2094,2165,0,1,1.000000
2094,2166,0,1,1.000000
2094,2167,0,1,1.000000
2094,2168,0,1,1.000000
2094,2169,0,1,1.000000
2094,2170,0,1,1.000000
2094,2171,0,1,1.000000
2094,2172,0,1,1.000000
2094,2173,0,1,1.000000
2094,2174,0,1,1.000000
2094,2175,0,1,1.000000
2094,2176,0,1,1.000000
2094,2177,0,1,1.000000
2094,2178,0,1,1.000000
2094,2179,0,1,1.000000
2094,2180,0,1,1.000000
2094,2181,0,1,1.000000
2094,2182,0,1,1.000000
2094,2183,0,1,1.000000
2094,2184,0,1,1.000000
2094,2185,0,1,1.000000
2094,2186,0,1,1.000000
2094,2187,0,1,1.000000
2094,2188,0,1,1.000000
2094,2189,0,1,1.000000
2094,2190,0,1,1.000000
2094,2191,0,1,1.000000
2094,2192,0,1,1.000000
2094,2193,0,1,1.000000
2094,2194,0,1,1.000000
2094,2195,0,1,1.000000
2094,2196,0,1,1.000000
2094,2197,0,1,1.000000
2094,2198,0,1,1.000000
2094,2199,0,1,1.000000
2094,2200,0,1,1.000000
2094,2201,0,1,1.000000
2094,2202,0,1,1.000000
2094,2203,0,1,1.000000
2094,2204,0,1,1.000000
2094,2205,0,1,1.000000
2094,2206,0,1,1.000000
2094,2207,0,1,1.000000
2094,2208,0,1,1.000000
2094,2209,0,1,1.000000
2094,2210,0,1,1.000000
2094,2211,0,1,1.000000
2094,2212,0,1,1.000000
2094,2213,0,1,1.000000
2094,2214,0,1,1.000000
2094,2215,0,1,1.000000
2094,2216,0,1,1.000000
2094,2217,0,1,1.000000
2094,2218,0,1,1.000000
2094,2219,0,1,1.000000
2094,2220,0,1,1.000000
2094,2221,0,1,1.000000
2094,2222,0,1,1.000000
2094,2223,0,1,1.000000
2094,2224,0,1,1.000000
2094,2225,0,1,1.000000
2094,2226,0,1,1.000000
2094,2227,0,1,1.000000
2094,2228,0,1,1.000000
2094,2229,0,1,1.000000
2094,2230,0,1,1.000000
2094,2231,0,1,1.000000
2094,2232,0,1,1.000000
2094,2233,0,1,1.000000
2094,2234,0,1,1.000000
2235,2236,0,1,1.000000
2237,2238,0,1,1.000000
2237,2239,0,1,1.000000
2237,2240,0,1,1.000000
2237,2241,0,1,1.000000
2237,2242,0,1,1.000000
2237,2243,0,1,1.000000
2237,2244,0,1,1.000000
2237,2245,0,1,1.000000
2237,2246,0,1,1.000000
2237,2247,0,1,1.000000
2248,2249,0,1,1.000000
2248,2250,0,1,1.000000
2248,2251,0,1,1.000000
2248,2252,0,1,1.000000
2253,2254,0,1,1.000000
2253,2255,0,1,1.000000
2253,2256,0,1,1.000000
2253,2257,0,1,1.000000
2258,2259,0,1,1.000000
2258,2260,0,1,1.000000
2261,2262,0,1,1.000000
2263,2264,0,1,1.000000
2263,2265,0,1,1.000000
2263,2266,0,1,1.000000
2263,2267,0,1,1.000000
2263,2268,0,1,1.000000
2263,2269,0,1,1.000000
2263,2270,0,1,1.000000
2263,2271,0,1,1.000000
2263,2272,0,1,1.000000
2263,2273,0,1,1.000000
2263,2274,0,1,1.000000
2263,2275,0,1,1.000000
2276,2277,0,1,1.000000
2276,2278,0,1,1.000000
2276,2279,0,1,1.000000
2276,2280,0,1,1.000000
2276,2281,0,1,1.000000
2276,2282,0,1,1.000000
2276,2283,0,1,1.000000
2276,2284,0,1,1.000000
2276,2285,0,1,1.000000
2276,2286,0,1,1.000000
2276,2287,0,1,1.000000
2288,2289,0,1,1.000000
2288,2290,0,1,1.000000
2288,2291,0,1,1.000000
2288,2292,0,1,1.000000
2288,2293,0,1,1.000000
2288,2294,0,1,1.000000
2288,2295,0,1,1.000000
2288,2296,0,1,1.000000
2288,2297,0,1,1.000000
2288,2298,0,1,1.000000
2288,2299,0,1,1.000000
2288,2300,0,1,1.000000
2288,2301,0,1,1.000000
2288,2302,0,1,1.000000
2288,2303,0,1,1.000000
2288,2304,0,1,1.000000
2288,2305,0,1,1.000000
2288,2306,0,1,1.000000
2288,2307,0,1,1.000000
2288,2308,0,1,1.000000
2288,2309,0,1,1.000000
2288,2310,0,1,1.000000
2288,2311,0,1,1.000000
2288,2312,0,1,1.000000
2288,2313,0,1,1.000000
2288,2314,0,1,1.000000
2288,2315,0,1,1.000000
2288,2316,0,1,1.000000
2288,2317,0,1,1.000000
2288,2318,0,1,1.000000
2288,2319,0,1,1.000000
2288,2320,0,1,1.000000
2288,2321,0,1,1.000000
2288,2322,0,1,1.000000
2288,2323,0,1,1.000000
2288,2324,0,1,1.000000
2288,2325,0,1,1.000000
2326,2327,0,1,1.000000
2326,2328,0,1,1.000000
2326,2329,0,1,1.000000
2326,2330,0,1,1.000000
2326,2331,0,1,1.000000
2326,2332,0,1,1.000000
2326,2333,0,1,1.000000
2326,2334,0,1,1.000000
2326,2335,0,1,1.000000
2326,2336,0,1,1.000000
2326,2337,0,1,1.000000
2326,2338,0,1,1.000000
2326,2339,0,1,1.000000
2326,2340,0,1,1.000000
2326,2341,0,1,1.000000
2326,2342,0,1,1.000000
2326,2343,0,1,1.000000
2326,2344,0,1,1.000000
2326,2345,0,1,1.000000
2326,2346,0,1,1.000000
2326,2347,0,1,1.000000
2326,2348,0,1,1.000000
2326,2349,0,1,1.000000
2326,2350,0,1,1.000000
2326,2351,0,1,1.000000
2326,2352,0,1,1.000000
2326,2353,0,1,1.000000
2326,2354,0,1,1.000000
2326,2355,0,1,1.000000
2326,2356,0,1,1.000000
2326,2357,0,1,1.000000
2326,2358,0,1,1.000000
2326,2359,0,1,1.000000
2326,2360,0,1,1.000000
2326,2361,0,1,1.000000
2326,2362,0,1,1.000000
2326,2363,0,1,1.000000
2326,2364,0,1,1.000000
2326,2365,0,1,1.000000
2326,2366,0,1,1.000000
2326,2367,0,1,1.000000
2326,2368,0,1,1.000000
2326,2369,0,1,1.000000
2326,2370,0,1,1.000000
2326,2371,0,1,1.000000
2326,2372,0,1,1.000000
2326,2373,0,1,1.000000
2326,2374,0,1,1.000000
2326,2375,0,1,1.000000
2326,2376,0,1,1.000000
2326,2377,0,1,1.000000
2326,2378,0,1,1.000000
2326,2379,0,1,1.000000
2326,2380,0,1,1.000000
2326,2381,0,1,1.000000
2326,2382,0,1,1.000000
2326,2383,0,1,1.000000
2326,2384,0,1,1.000000
2326,2385,0,1,1.000000
2326,2386,0,1,1.000000
2326,2387,0,1,1.000000
2326,2388,0,1,1.000000
2326,2389,0,1,1.000000
2326,2390,0,1,1.000000
2326,2391,0,1,1.000000
2326,2392,0,1,1.000000
2326,2393,0,1,1.000000
2326,2394,0,1,1.000000
2326,2395,0,1,1.000000
2326,2396,0,1,1.000000
2326,2397,0,1,1.000000
2326,2398,0,1,1.000000
2326,2399,0,1,1.000000
2326,2400,0,1,1.000000
2326,2401,0,1,1.000000
2326,2402,0,1,1.000000
2326,2403,0,1,1.000000
2326,2404,0,1,1.000000
2326,2405,0,1,1.000000
2326,2406,0,1,1.000000
2326,2407,0,1,1.000000
2326,2408,0,1,1.000000
2326,2409,0,1,1.000000
2326,2410,0,1,1.000000
2326,2411,0,1,1.000000
2326,2412,0,1,1.000000
2326,2413,0,1,1.000000
2326,2414,0,1,1.000000
2326,2415,0,1,1.000000
2326,2416,0,1,1.000000
2326,2417,0,1,1.000000
2326,2418,0,1,1.000000
2326,2419,0,1,1.000000
2326,2420,0,1,1.000000
2326,2421,0,1,1.000000
2326,2422,0,1,1.000000
2326,2423,0,1,1.000000
2326,2424,0,1,1.000000
2326,2425,0,1,1.000000
2326,2426,0,1,1.000000
2326,2427,0,1,1.000000
2326,2428,0,1,1.000000
2326,2429,0,1,1.000000
2326,2430,0,1,1.000000
2326,2431,0,1,1.000000
2326,2432,0,1,1.000000
2326,2433,0,1,1.000000
2326,2434,0,1,1.000000
2326,2435,0,1,1.000000
2326,2436,0,1,1.000000
2326,2437,0,1,1.000000
2326,2438,0,1,1.000000
2326,2439,0,1,1.000000
2326,2440,0,1,1.000000
2326,2441,0,1,1.000000
2326,2442,0,1,1.000000
2326,2443,0,1,1.000000
2326,2444,0,1,1.000000
2326,2445,0,1,1.000000
2326,2446,0,1,1.000000
2326,2447,0,1,1.000000
2326,2448,0,1,1.000000
2326,2449,0,1,1.000000
2326,2450,0,1,1.000000
2326,2451,0,1,1.000000
2326,2452,0,1,1.000000
2326,2453,0,1,1.000000
2326,2454,0,1,1.000000
2326,2455,0,1,1.000000
2326,2456,0,1,1.000000
2326,2457,0,1,1.000000
2326,2458,0,1,1.000000
2326,2459,0,1,1.000000
2326,2460,0,1,1.000000
2326,2461,0,1,1.000000
2326,2462,0,1,1.000000
2326,2463,0,1,1.000000
2326,2464,0,1,1.000000
2326,2465,0,1,1.000000
2326,2466,0,1,1.000000
2326,2467,0,1,1.000000
2326,2468,0,1,1.000000
2326,2469,0,1,1.000000
2326,2470,0,1,1.000000
2326,2471,0,1,1.000000
2326,2472,0,1,1.000000
2326,2473,0,1,1.000000
2326,2474,0,1,1.000000
2326,2475,0,1,1.000000
2326,2476,0,1,1.000000
2326,2477,0,1,1.000000
2326,2478,0,1,1.000000
2326,2479,0,1,1.000000
2326,2480,0,1,1.000000
2326,2481,0,1,1.000000
2326,2482,0,1,1.000000
2326,2483,0,1,1.000000
2326,2484,0,1,1.000000
2326,2485,0,1,1.000000
2326,2486,0,1,1.000000
2326,2487,0,1,1.000000
2326,2488,0,1,1.000000
2326,2489,0,1,1.000000
2326,2490,0,1,1.000000
2326,2491,0,1,1.000000
2326,2492,0,1,1.000000
2326,2493,0,1,1.000000
2326,2494,0,1,1.000000
2326,2495,0,1,1.000000
2326,2496,0,1,1.000000
2326,2497,0,1,1.000000
2326,2498,0,1,1.000000
2326,2499,0,1,1.000000
2326,2500,0,1,1.000000
2326,2501,0,1,1.000000
2326,2502,0,1,1.000000
2326,2503,0,1,1.000000
2326,2504,0,1,1.000000
2326,2505,0,1,1.000000
2326,2506,0,1,1.000000
2326,2507,0,1,1.000000
2326,2508,0,1,1.000000
2326,2509,0,1,1.000000
2326,2510,0,1,1.000000
2326,2511,0,1,1.000000
2326,2512,0,1,1.000000
2326,2513,0,1,1.000000
2326,2514,0,1,1.000000
2326,2515,0,1,1.000000
2326,2516,0,1,1.000000
2326,2517,0,1,1.000000
2326,2518,0,1,1.000000
2326,2519,0,1,1.000000
2326,2520,0,1,1.000000
2326,2521,0,1,1.000000
2326,2522,0,1,1.000000
2326,2523,0,1,1.000000
2326,2524,0,1,1.000000
2326,2525,0,1,1.000000
2326,2526,0,1,1.000000
2326,2527,0,1,1.000000
2326,2528,0,1,1.000000
2326,2529,0,1,1.000000
2326,2530,0,1,1.000000
2326,2531,0,1,1.000000
2326,2532,0,1,1.000000
2326,2533,0,1,1.000000
2326,2534,0,1,1.000000
2326,2535,0,1,1.000000
2326,2536,0,1,1.000000
2326,2537,0,1,1.000000
2326,2538,0,1,1.000000
2326,2539,0,1,1.000000
2540,2541,0,1,1.000000
2540,2542,0,1,1.000000
2540,2543,0,1,1.000000
2540,2544,0,1,1.000000
2540,2545,0,1,1.000000
2540,2546,0,1,1.000000
2540,2547,0,1,1.000000
2540,2548,0,1,1.000000
2540,2549,0,1,1.000000
2550,2551,0,1,1.000000
2550,2552,0,1,1.000000
2550,2553,0,1,1.000000
2550,2554,0,1,1.000000
2550,2555,0,1,1.000000
2550,2556,0,1,1.000000
2550,2557,0,1,1.000000
2550,2558,0,1,1.000000
2550,2559,0,1,1.000000
2550,2560,0,1,1.000000
2550,2561,0,1,1.000000
2550,2562,0,1,1.000000
2550,2563,0,1,1.000000
2550,2564,0,1,1.000000
2550,2565,0,1,1.000000
2550,2566,0,1,1.000000
2550,2567,0,1,1.000000
2550,2568,0,1,1.000000
2550,2569,0,1,1.000000
2550,2570,0,1,1.000000
2550,2571,0,1,1.000000
2550,2572,0,1,1.000000
2550,2573,0,1,1.000000
2550,2574,0,1,1.000000
2550,2575,0,1,1.000000
2550,2576,0,1,1.000000
2550,2577,0,1,1.000000
2550,2578,0,1,1.000000
2550,2579,0,1,1.000000
2550,2580,0,1,1.000000
2550,2581,0,1,1.000000
2550,2582,0,1,1.000000
2550,2583,0,1,1.000000
2550,2584,0,1,1.000000
2550,2585,0,1,1.000000
2550,2586,0,1,1.000000
2550,2587,0,1,1.000000
2550,2588,0,1,1.000000
2550,2589,0,1,1.000000
2550,2590,0,1,1.000000
2550,2591,0,1,1.000000
2550,2592,0,1,1.000000
2550,2593,0,1,1.000000
2550,2594,0,1,1.000000
2550,2595,0,1,1.000000
2550,2596,0,1,1.000000
2550,2597,0,1,1.000000
2550,2598,0,1,1.000000
2550,2599,0,1,1.000000
2550,2600,0,1,1.000000
2550,2601,0,1,1.000000
2550,2602,0,1,1.000000
2550,2603,0,1,1.000000
2550,2604,0,1,1.000000
2550,2605,0,1,1.000000
2550,2606,0,1,1.000000
2550,2607,0,1,1.000000
2550,2608,0,1,1.000000
2550,2609,0,1,1.000000
2550,2610,0,1,1.000000
2550,2611,0,1,1.000000
2550,2612,0,1,1.000000
2550,2613,0,1,1.000000
2550,2614,0,1,1.000000
2550,2615,0,1,1.000000
2550,2616,0,1,1.000000
2550,2617,0,1,1.000000
2550,2618,0,1,1.000000
2550,2619,0,1,1.000000
2550,2620,0,1,1.000000
2550,2621,0,1,1.000000
2550,2622,0,1,1.000000
2550,2623,0,1,1.000000
2550,2624,0,1,1.000000
2550,2625,0,1,1.000000
2550,2626,0,1,1.000000
2550,2627,0,1,1.000000
2550,2628,0,1,1.000000
2550,2629,0,1,1.000000
2550,2630,0,1,1.000000
2550,2631,0,1,1.000000
2550,2632,0,1,1.000000
2550,2633,0,1,1.000000
2550,2634,0,1,1.000000
2550,2635,0,1,1.000000
2550,2636,0,1,1.000000
2550,2637,0,1,1.000000
2550,2638,0,1,1.000000
2550,2639,0,1,1.000000
2550,2640,0,1,1.000000
2550,2641,0,1,1.000000
2550,2642,0,1,1.000000
2550,2643,0,1,1.000000
2550,2644,0,1,1.000000
2550,2645,0,1,1.000000
2550,2646,0,1,1.000000
2550,2647,0,1,1.000000
2550,2648,0,1,1.000000
2550,2649,0,1,1.000000
2550,2650,0,1,1.000000
2550,2651,0,1,1.000000
2550,2652,0,1,1.000000
2550,2653,0,1,1.000000
2550,2654,0,1,1.000000
2550,2655,0,1,1.000000
2550,2656,0,1,1.000000
2550,2657,0,1,1.000000
2550,2658,0,1,1.000000
2550,2659,0,1,1.000000
2550,2660,0,1,1.000000
2550,2661,0,1,1.000000
2550,2662,0,1,1.000000
2550,2663,0,1,1.000000
2550,2664,0,1,1.000000
2550,2665,0,1,1.000000
2550,2666,0,1,1.000000
2550,2667,0,1,1.000000
2550,2668,0,1,1.000000
2550,2669,0,1,1.000000
2550,2670,0,1,1.000000
2550,2671,0,1,1.000000
2550,2672,0,1,1.000000
2550,2673,0,1,1.000000
2550,2674,0,1,1.000000
2550,2675,0,1,1.000000
2550,2676,0,1,1.000000
2550,2677,0,1,1.000000
2550,2678,0,1,1.000000
2679,2680,0,1,1.000000
2679,2681,0,1,1.000000
2679,2682,0,1,1.000000
2679,2683,0,1,1.000000
2679,2684,0,1,1.000000
2679,2685,0,1,1.000000
2679,2686,0,1,1.000000
2679,2687,0,1,1.000000
2679,2688,0,1,1.000000
2679,2689,0,1,1.000000
2679,2690,0,1,1.000000
2679,2691,0,1,1.000000
2679,2692,0,1,1.000000
2679,2693,0,1,1.000000
2694,2695,0,1,1.000000
2694,2696,0,1,1.000000
2694,2697,0,1,1.000000
2694,2698,0,1,1.000000
2694,2699,0,1,1.000000
2700,2701,0,1,1.000000
2700,2702,0,1,1.000000
2700,2703,0,1,1.000000
2700,2704,0,1,1.000000
2700,2705,0,1,1.000000
2700,2706,0,1,1.000000
2700,2707,0,1,1.000000
2700,2708,0,1,1.000000
2700,2709,0,1,1.000000
2700,2710,0,1,1.000000
2700,2711,0,1,1.000000
2700,2712,0,1,1.000000
2700,2713,0,1,1.000000
2700,2714,0,1,1.000000
2700,2715,0,1,1.000000
2700,2716,0,1,1.000000
2700,2717,0,1,1.000000
2700,2718,0,1,1.000000
2700,2719,0,1,1.000000
2700,2720,0,1,1.000000
2700,2721,0,1,1.000000
2700,2722,0,1,1.000000
2700,2723,0,1,1.000000
2700,2724,0,1,1.000000
2700,2725,0,1,1.000000
2700,2726,0,1,1.000000
2700,2727,0,1,1.000000
2700,2728,0,1,1.000000
2700,2729,0,1,1.000000
2700,2730,0,1,1.000000
2700,2731,0,1,1.000000
2700,2732,0,1,1.000000
2700,2733,0,1,1.000000
2700,2734,0,1,1.000000
165,164,0,1,1.000000
165,2735,0,1,1.000000
165,2736,0,1,1.000000
165,2737,0,1,1.000000
165,2738,0,1,1.000000
165,2739,0,1,1.000000
165,2740,0,1,1.000000
165,2741,0,1,1.000000
165,2742,0,1,1.000000
165,2743,0,1,1.000000
165,2744,0,1,1.000000
165,2745,0,1,1.000000
165,2746,0,1,1.000000
165,2747,0,1,1.000000
165,2748,0,1,1.000000
165,2749,0,1,1.000000
165,2750,0,1,1.000000
165,2751,0,1,1.000000
165,2752,0,1,1.000000
165,2753,0,1,1.000000
165,2754,0,1,1.000000
165,2755,0,1,1.000000
165,2756,0,1,1.000000
165,2757,0,1,1.000000
2758,2759,0,1,1.000000
2758,2760,0,1,1.000000
2758,2761,0,1,1.000000
2758,2762,0,1,1.000000
2758,2763,0,1,1.000000
2758,2764,0,1,1.000000
2758,2765,0,1,1.000000
2758,2766,0,1,1.000000
2758,2767,0,1,1.000000
2758,2768,0,1,1.000000
2758,2769,0,1,1.000000
2758,2770,0,1,1.000000
2758,2771,0,1,1.000000
2758,2772,0,1,1.000000
2758,2773,0,1,1.000000
2758,2774,0,1,1.000000
2758,2775,0,1,1.000000
2758,2776,0,1,1.000000
2758,2777,0,1,1.000000
2758,2778,0,1,1.000000
2758,2779,0,1,1.000000
2758,2780,0,1,1.000000
2758,2781,0,1,1.000000
2758,2782,0,1,1.000000
2758,2783,0,1,1.000000
2758,2784,0,1,1.000000
2758,2785,0,1,1.000000
2758,2786,0,1,1.000000
2758,2787,0,1,1.000000
2758,2788,0,1,1.000000
2758,2789,0,1,1.000000
2758,2790,0,1,1.000000
2758,2791,0,1,1.000000
2758,2792,0,1,1.000000
2758,2793,0,1,1.000000
2758,2794,0,1,1.000000
2758,2795,0,1,1.000000
2758,2796,0,1,1.000000
2758,2797,0,1,1.000000
2758,2798,0,1,1.000000
2758,2799,0,1,1.000000
2758,2800,0,1,1.000000
2758,2801,0,1,1.000000
2758,2802,0,1,1.000000
2758,2803,0,1,1.000000
2804,2805,0,1,1.000000
2804,2806,0,1,1.000000
2804,2807,0,1,1.000000
2804,2808,0,1,1.000000
2804,2809,0,1,1.000000
2804,2810,0,1,1.000000
2804,2811,0,1,1.000000
2804,2812,0,1,1.000000
2804,2813,0,1,1.000000
2804,2814,0,1,1.000000
2804,2815,0,1,1.000000
2804,2816,0,1,1.000000
2804,2817,0,1,1.000000
2804,2818,0,1,1.000000
2804,2819,0,1,1.000000
2804,2820,0,1,1.000000
2804,2821,0,1,1.000000
2804,2822,0,1,1.000000
2804,2823,0,1,1.000000
2804,2824,0,1,1.000000
2804,2825,0,1,1.000000
2804,2826,0,1,1.000000
2804,2827,0,1,1.000000
2804,2828,0,1,1.000000
2804,2829,0,1,1.000000
2804,2830,0,1,1.000000
2804,2831,0,1,1.000000
2804,2832,0,1,1.000000
2804,2833,0,1,1.000000
2804,2834,0,1,1.000000
2804,2835,0,1,1.000000
2804,2836,0,1,1.000000
2804,2837,0,1,1.000000
2804,2838,0,1,1.000000
2804,2839,0,1,1.000000
2804,2840,0,1,1.000000
2804,2841,0,1,1.000000
2804,2842,0,1,1.000000
2804,2843,0,1,1.000000
2804,2844,0,1,1.000000
2804,2845,0,1,1.000000
2804,2846,0,1,1.000000
2804,2847,0,1,1.000000
2804,2848,0,1,1.000000
2804,2849,0,1,1.000000
2804,2850,0,1,1.000000
2804,2851,0,1,1.000000
2804,2852,0,1,1.000000
2804,2853,0,1,1.000000
2804,2854,0,1,1.000000
2804,2855,0,1,1.000000
2804,2856,0,1,1.000000
2804,2857,0,1,1.000000
2804,2858,0,1,1.000000
2804,2859,0,1,1.000000
2804,2860,0,1,1.000000
2804,2861,0,1,1.000000
2804,2862,0,1,1.000000
2804,2863,0,1,1.000000
2804,2864,0,1,1.000000
2804,2865,0,1,1.000000
2804,2866,0,1,1.000000
2804,2867,0,1,1.000000
2804,2868,0,1,1.000000
2804,2869,0,1,1.000000
2804,2870,0,1,1.000000
2804,2871,0,1,1.000000
2804,2872,0,1,1.000000
2804,2873,0,1,1.000000
2804,2874,0,1,1.000000
2804,2875,0,1,1.000000
2804,2876,0,1,1.000000
2804,2877,0,1,1.000000
2804,2878,0,1,1.000000
2804,2879,0,1,1.000000
2804,2880,0,1,1.000000
2804,2881,0,1,1.000000
2804,2882,0,1,1.000000
2804,2883,0,1,1.000000
2804,2884,0,1,1.000000
2804,2885,0,1,1.000000
2804,2886,0,1,1.000000
2804,2887,0,1,1.000000
2804,2888,0,1,1.000000
2804,2889,0,1,1.000000
2804,2890,0,1,1.000000
2804,2891,0,1,1.000000
2804,2892,0,1,1.000000
2804,2893,0,1,1.000000
2804,2894,0,1,1.000000
2804,2895,0,1,1.000000
2804,2896,0,1,1.000000
2804,2897,0,1,1.000000
2804,2898,0,1,1.000000
2804,2899,0,1,1.000000
2804,2900,0,1,1.000000
2804,2901,0,1,1.000000
2804,2902,0,1,1.000000
2804,2903,0,1,1.000000
2804,2904,0,1,1.000000
2804,2905,0,1,1.000000
2804,2906,0,1,1.000000
2804,2907,0,1,1.000000
2804,2908,0,1,1.000000
2804,2909,0,1,1.000000
2910,2911,0,1,1.000000
2910,2912,0,1,1.000000
2910,2913,0,1,1.000000
2910,2914,0,1,1.000000
2910,2915,0,1,1.000000
2910,2916,0,1,1.000000
2910,2917,0,1,1.000000
2910,2918,0,1,1.000000
2910,2919,0,1,1.000000
2920,2921,0,1,1.000000
2920,2922,0,1,1.000000
2923,2924,0,1,1.000000
2923,2925,0,1,1.000000
2923,2926,0,1,1.000000
2923,2927,0,1,1.000000
2923,2928,0,1,1.000000
2923,2929,0,1,1.000000
2923,2930,0,1,1.000000
2931,2932,0,1,1.000000
2931,2933,0,1,1.000000
2931,2934,0,1,1.000000
2931,2935,0,1,1.000000
2931,2936,0,1,1.000000
2931,2937,0,1,1.000000
2931,2938,0,1,1.000000
2931,2939,0,1,1.000000
2931,2940,0,1,1.000000
2931,2941,0,1,1.000000
2931,2942,0,1,1.000000
2931,2943,0,1,1.000000
2931,2944,0,1,1.000000
2931,2945,0,1,1.000000
2931,2946,0,1,1.000000
2931,2947,0,1,1.000000
2931,2948,0,1,1.000000
2931,2949,0,1,1.000000
2931,2950,0,1,1.000000
2931,2951,0,1,1.000000
2931,2952,0,1,1.000000
2931,2953,0,1,1.000000
2931,2954,0,1,1.000000
2931,2955,0,1,1.000000
2931,2956,0,1,1.000000
2931,2957,0,1,1.000000
2931,2958,0,1,1.000000
2931,2959,0,1,1.000000
2931,2960,0,1,1.000000
2931,2961,0,1,1.000000
2931,2962,0,1,1.000000
2931,2963,0,1,1.000000
2931,2964,0,1,1.000000
2931,2965,0,1,1.000000
2931,2966,0,1,1.000000
2931,2967,0,1,1.000000
2931,2968,0,1,1.000000
2931,2969,0,1,1.000000
2931,2970,0,1,1.000000
2931,2971,0,1,1.000000
2972,2973,0,1,1.000000
2972,2974,0,1,1.000000
2972,2975,0,1,1.000000
2972,2976,0,1,1.000000
2977,2978,0,1,1.000000
2977,2979,0,1,1.000000
2977,2980,0,1,1.000000
2977,2981,0,1,1.000000
2982,2983,0,1,1.000000
2982,2984,0,1,1.000000
2982,2985,0,1,1.000000
2982,2986,0,1,1.000000
2982,2987,0,1,1.000000
2982,232,0,1,1.000000
2982,2988,0,1,1.000000
2982,2989,0,1,1.000000
2982,2990,0,1,1.000000
2982,2991,0,1,1.000000
2982,2992,0,1,1.000000
2982,2993,0,1,1.000000
2982,2994,0,1,1.000000
2982,2995,0,1,1.000000
2982,2996,0,1,1.000000
2982,2997,0,1,1.000000
2982,2998,0,1,1.000000
2982,2999,0,1,1.000000
2982,3000,0,1,1.000000
2982,3001,0,1,1.000000
2982,3002,0,1,1.000000
2982,3003,0,1,1.000000
2982,3004,0,1,1.000000
2982,3005,0,1,1.000000
2982,3006,0,1,1.000000
2982,3007,0,1,1.000000
2982,3008,0,1,1.000000
2982,3009,0,1,1.000000
2982,3010,0,1,1.000000
2982,3011,0,1,1.000000
2982,3012,0,1,1.000000
2982,3013,0,1,1.000000
2982,3014,0,1,1.000000
2982,3015,0,1,1.000000
2982,3016,0,1,1.000000
2982,3017,0,1,1.000000
2982,3018,0,1,1.000000
2982,3019,0,1,1.000000
2982,3020,0,1,1.000000
2982,3021,0,1,1.000000
2982,3022,0,1,1.000000
2982,3023,0,1,1.000000
2982,3024,0,1,1.000000
3025,3026,0,1,1.000000
3025,3027,0,1,1.000000
3025,3028,0,1,1.000000
3025,3029,0,1,1.000000
3025,3030,0,1,1.000000
3025,3031,0,1,1.000000
3025,3032,0,1,1.000000
3025,3033,0,1,1.000000
3025,3034,0,1,1.000000
3025,3035,0,1,1.000000
3025,3036,0,1,1.000000
3025,3037,0,1,1.000000
3025,3038,0,1,1.000000
3025,3039,0,1,1.000000
3025,3040,0,1,1.000000
3025,3041,0,1,1.000000
3025,3042,0,1,1.000000
3025,3043,0,1,1.000000
3025,3044,0,1,1.000000
3025,3045,0,1,1.000000
3025,3046,0,1,1.000000
3025,3047,0,1,1.000000
3025,3048,0,1,1.000000
3025,3049,0,1,1.000000
3025,3050,0,1,1.000000
3025,3051,0,1,1.000000
3025,3052,0,1,1.000000
3025,3053,0,1,1.000000
3025,3054,0,1,1.000000
3025,3055,0,1,1.000000
3025,3056,0,1,1.000000
3025,3057,0,1,1.000000
3025,3058,0,1,1.000000
3025,3059,0,1,1.000000
3025,3060,0,1,1.000000
3025,3061,0,1,1.000000
3025,3062,0,1,1.000000
3025,3063,0,1,1.000000
3025,3064,0,1,1.000000
3025,3065,0,1,1.000000
3025,3066,0,1,1.000000
3025,3067,0,1,1.000000
3025,3068,0,1,1.000000
3025,3069,0,1,1.000000
3025,3070,0,1,1.000000
3025,3071,0,1,1.000000
3025,3072,0,1,1.000000
3025,3073,0,1,1.000000
3025,3074,0,1,1.000000
3025,3075,0,1,1.000000
3025,3076,0,1,1.000000
3025,3077,0,1,1.000000
3025,3078,0,1,1.000000
3025,3079,0,1,1.000000
3025,3080,0,1,1.000000
3025,3081,0,1,1.000000
3025,3082,0,1,1.000000
3025,3083,0,1,1.000000
3025,3084,0,1,1.000000
3025,3085,0,1,1.000000
3025,3086,0,1,1.000000
3025,3087,0,1,1.000000
3025,3088,0,1,1.000000
3025,3089,0,1,1.000000
3025,3090,0,1,1.000000
3025,3091,0,1,1.000000
3025,3092,0,1,1.000000
3025,3093,0,1,1.000000
3025,3094,0,1,1.000000
3025,3095,0,1,1.000000
3025,3096,0,1,1.000000
3025,3097,0,1,1.000000
3025,3098,0,1,1.000000
3025,3099,0,1,1.000000
3025,3100,0,1,1.000000
3025,3101,0,1,1.000000
3025,3102,0,1,1.000000
3025,3103,0,1,1.000000
3025,3104,0,1,1.000000
3105,3106,0,1,1.000000
3105,3107,0,1,1.000000
3105,3108,0,1,1.000000
3105,3109,0,1,1.000000
3105,3110,0,1,1.000000
3105,3111,0,1,1.000000
3105,3112,0,1,1.000000
3105,3113,0,1,1.000000
3105,3114,0,1,1.000000
3105,3115,0,1,1.000000
3105,3116,0,1,1.000000
3105,3117,0,1,1.000000
3105,3118,0,1,1.000000
3105,3119,0,1,1.000000
3105,3120,0,1,1.000000
3105,3121,0,1,1.000000
3122,3123,0,1,1.000000
3124,3125,0,1,1.000000
3124,3126,0,1,1.000000
