0 1 0.0,1.0
0 2 0.0,1.0
0 3 0.0,1.0
0 4 0.0,1.0
0 5 0.0,1.0
0 6 0.0,1.0
0 7 0.0,1.0
0 8 0.0,1.0
0 9 0.0,1.0
0 10 0.0,1.0
0 11 0.0,1.0
0 12 0.0,1.0
0 13 0.0,1.0
0 14 0.0,1.0
0 15 0.0,1.0
0 16 0.0,1.0
0 17 0.0,1.0
0 18 0.0,1.0
0 19 0.0,1.0
0 20 0.0,1.0
0 21 0.0,1.0
0 22 0.0,1.0
0 23 0.0,1.0
0 24 0.0,1.0
0 25 0.0,1.0
0 26 0.0,1.0
0 27 0.0,1.0
0 28 0.0,1.0
0 29 0.0,1.0
0 30 0.0,1.0
0 31 0.0,1.0
0 32 0.0,1.0
0 33 0.0,1.0
0 34 0.0,1.0
0 35 0.0,1.0
0 36 0.0,1.0
0 37 0.0,1.0
0 38 0.0,1.0
0 39 0.0,1.0
0 40 0.0,1.0
0 41 0.0,1.0
0 42 0.0,1.0
0 43 0.0,1.0
0 44 0.0,1.0
0 45 0.0,1.0
0 46 0.0,1.0
0 47 0.0,1.0
0 48 0.0,1.0
0 49 0.0,1.0
0 50 0.0,1.0
0 51 0.0,1.0
0 52 0.0,1.0
0 53 0.0,1.0
0 54 0.0,1.0
0 55 0.0,1.0
0 56 0.0,1.0
0 57 0.0,1.0
0 58 0.0,1.0
0 59 0.0,1.0
60 61 0.0,1.0
60 62 0.0,1.0
60 63 0.0,1.0
60 64 0.0,1.0
60 65 0.0,1.0
60 66 0.0,1.0
60 67 0.0,1.0
60 68 0.0,1.0
60 69 0.0,1.0
60 70 0.0,1.0
60 71 0.0,1.0
60 72 0.0,1.0
60 73 0.0,1.0
60 74 0.0,1.0
60 75 0.0,1.0
60 76 0.0,1.0
60 77 0.0,1.0
78 79 0.0,1.0
78 80 0.0,1.0
78 81 0.0,1.0
78 82 0.0,1.0
78 83 0.0,1.0
84 85 0.0,1.0
84 86 0.0,1.0
84 87 0.0,1.0
84 88 0.0,1.0
84 89 0.0,1.0
84 90 0.0,1.0
84 91 0.0,1.0
84 92 0.0,1.0
84 93 0.0,1.0
84 94 0.0,1.0
84 95 0.0,1.0
84 96 0.0,1.0
84 97 0.0,1.0
84 98 0.0,1.0
84 99 0.0,1.0
100 101 0.0,1.0
100 102 0.0,1.0
100 103 0.0,1.0
100 104 0.0,1.0
100 105 0.0,1.0
100 106 0.0,1.0
100 107 0.0,1.0
100 108 0.0,1.0
100 109 0.0,1.0
100 110 0.0,1.0
100 111 0.0,1.0
100 112 0.0,1.0
100 113 0.0,1.0
100 114 0.0,1.0
100 115 0.0,1.0
100 116 0.0,1.0
100 117 0.0,1.0
100 118 0.0,1.0
100 119 0.0,1.0
100 120 0.0,1.0
100 121 0.0,1.0
100 122 0.0,1.0
100 123 0.0,1.0
100 124 0.0,1.0
100 125 0.0,1.0
100 126 0.0,1.0
100 127 0.0,1.0
100 128 0.0,1.0
129 130 0.0,1.0
129 131 0.0,1.0
129 132 0.0,1.0
129 133 0.0,1.0
129 134 0.0,1.0
129 135 0.0,1.0
129 136 0.0,1.0
129 137 0.0,1.0
129 138 0.0,1.0
129 139 0.0,1.0
129 140 0.0,1.0
141 142 0.0,1.0
143 144 0.0,1.0
145 146 0.0,1.0
145 147 0.0,1.0
145 148 0.0,1.0
145 149 0.0,1.0
145 150 0.0,1.0
145 151 0.0,1.0
145 152 0.0,1.0
145 153 0.0,1.0
145 154 0.0,1.0
155 156 0.0,1.0
155 157 0.0,1.0
155 158 0.0,1.0
155 159 0.0,1.0
155 160 0.0,1.0
155 161 0.0,1.0
162 163 0.0,1.0
164 165 0.0,1.0
164 166 0.0,1.0
164 167 0.0,1.0
164 168 0.0,1.0
164 169 0.0,1.0
164 170 0.0,1.0
164 171 0.0,1.0
164 172 0.0,1.0
164 173 0.0,1.0
164 174 0.0,1.0
164 175 0.0,1.0
164 176 0.0,1.0
164 177 0.0,1.0
164 178 0.0,1.0
164 179 0.0,1.0
164 180 0.0,1.0
164 181 0.0,1.0
164 182 0.0,1.0
164 183 0.0,1.0
164 184 0.0,1.0
164 185 0.0,1.0
164 186 0.0,1.0
164 187 0.0,1.0
164 188 0.0,1.0
164 189 0.0,1.0
164 190 0.0,1.0
164 191 0.0,1.0
164 192 0.0,1.0
164 193 0.0,1.0
164 194 0.0,1.0
195 196 0.0,1.0
197 198 0.0,1.0
197 199 0.0,1.0
197 200 0.0,1.0
197 201 0.0,1.0
197 202 0.0,1.0
197 203 0.0,1.0
197 204 0.0,1.0
197 205 0.0,1.0
197 206 0.0,1.0
197 207 0.0,1.0
197 208 0.0,1.0
197 209 0.0,1.0
197 210 0.0,1.0
197 211 0.0,1.0
197 212 0.0,1.0
197 213 0.0,1.0
197 214 0.0,1.0
197 215 0.0,1.0
197 216 0.0,1.0
197 217 0.0,1.0
197 218 0.0,1.0
197 219 0.0,1.0
197 220 0.0,1.0
197 221 0.0,1.0
197 222 0.0,1.0
197 223 0.0,1.0
197 224 0.0,1.0
197 225 0.0,1.0
197 226 0.0,1.0
227 228 0.0,1.0
227 229 0.0,1.0
227 230 0.0,1.0
227 231 0.0,1.0
227 232 0.0,1.0
227 233 0.0,1.0
227 234 0.0,1.0
227 235 0.0,1.0
227 236 0.0,1.0
227 237 0.0,1.0
227 238 0.0,1.0
227 239 0.0,1.0
227 240 0.0,1.0
227 241 0.0,1.0
227 242 0.0,1.0
227 243 0.0,1.0
227 244 0.0,1.0
227 245 0.0,1.0
227 246 0.0,1.0
227 247 0.0,1.0
227 248 0.0,1.0
227 249 0.0,1.0
227 250 0.0,1.0
227 251 0.0,1.0
227 252 0.0,1.0
227 253 0.0,1.0
227 254 0.0,1.0
227 255 0.0,1.0
227 256 0.0,1.0
227 257 0.0,1.0
227 258 0.0,1.0
259 260 0.0,1.0
259 261 0.0,1.0
259 262 0.0,1.0
259 263 0.0,1.0
259 264 0.0,1.0
259 265 0.0,1.0
259 266 0.0,1.0
259 267 0.0,1.0
259 268 0.0,1.0
269 270 0.0,1.0
269 271 0.0,1.0
269 272 0.0,1.0
269 273 0.0,1.0
269 274 0.0,1.0
269 275 0.0,1.0
269 276 0.0,1.0
269 277 0.0,1.0
269 278 0.0,1.0
269 279 0.0,1.0
280 281 0.0,1.0
280 282 0.0,1.0
280 283 0.0,1.0
280 284 0.0,1.0
280 285 0.0,1.0
280 286 0.0,1.0
280 287 0.0,1.0
280 288 0.0,1.0
280 289 0.0,1.0
290 291 0.0,1.0
290 292 0.0,1.0
290 293 0.0,1.0
290 294 0.0,1.0
290 295 0.0,1.0
290 296 0.0,1.0
290 297 0.0,1.0
290 298 0.0,1.0
290 299 0.0,1.0
290 300 0.0,1.0
290 301 0.0,1.0
290 302 0.0,1.0
290 303 0.0,1.0
290 304 0.0,1.0
290 305 0.0,1.0
290 306 0.0,1.0
290 307 0.0,1.0
290 308 0.0,1.0
290 309 0.0,1.0
290 310 0.0,1.0
290 311 0.0,1.0
290 312 0.0,1.0
290 313 0.0,1.0
290 314 0.0,1.0
290 315 0.0,1.0
290 316 0.0,1.0
290 317 0.0,1.0
290 318 0.0,1.0
290 319 0.0,1.0
290 320 0.0,1.0
290 321 0.0,1.0
290 322 0.0,1.0
290 323 0.0,1.0
290 324 0.0,1.0
290 325 0.0,1.0
290 326 0.0,1.0
290 327 0.0,1.0
290 328 0.0,1.0
290 329 0.0,1.0
290 330 0.0,1.0
290 331 0.0,1.0
290 332 0.0,1.0
290 333 0.0,1.0
290 334 0.0,1.0
290 335 0.0,1.0
290 336 0.0,1.0
290 337 0.0,1.0
290 338 0.0,1.0
290 339 0.0,1.0
290 340 0.0,1.0
290 341 0.0,1.0
290 342 0.0,1.0
290 343 0.0,1.0
290 344 0.0,1.0
290 345 0.0,1.0
290 346 0.0,1.0
290 347 0.0,1.0
290 348 0.0,1.0
349 350 0.0,1.0
349 351 0.0,1.0
349 352 0.0,1.0
353 354 0.0,1.0
353 355 0.0,1.0
353 356 0.0,1.0
353 357 0.0,1.0
358 359 0.0,1.0
360 361 0.0,1.0
360 362 0.0,1.0
363 364 0.0,1.0
363 365 0.0,1.0
363 366 0.0,1.0
363 367 0.0,1.0
368 369 0.0,1.0
368 370 0.0,1.0
371 372 0.0,1.0
371 373 0.0,1.0
371 374 0.0,1.0
371 375 0.0,1.0
371 376 0.0,1.0
371 377 0.0,1.0
371 378 0.0,1.0
371 379 0.0,1.0
371 380 0.0,1.0
371 381 0.0,1.0
371 382 0.0,1.0
371 383 0.0,1.0
371 384 0.0,1.0
371 385 0.0,1.0
371 386 0.0,1.0
371 387 0.0,1.0
371 388 0.0,1.0
371 389 0.0,1.0
371 390 0.0,1.0
371 391 0.0,1.0
371 392 0.0,1.0
371 393 0.0,1.0
371 394 0.0,1.0
371 395 0.0,1.0
371 396 0.0,1.0
371 397 0.0,1.0
371 398 0.0,1.0
371 399 0.0,1.0
371 400 0.0,1.0
371 401 0.0,1.0
371 402 0.0,1.0
371 403 0.0,1.0
371 404 0.0,1.0
371 405 0.0,1.0
371 406 0.0,1.0
371 407 0.0,1.0
371 408 0.0,1.0
371 409 0.0,1.0
371 410 0.0,1.0
371 411 0.0,1.0
371 412 0.0,1.0
371 413 0.0,1.0
371 414 0.0,1.0
371 415 0.0,1.0
371 416 0.0,1.0
371 417 0.0,1.0
371 418 0.0,1.0
371 419 0.0,1.0
371 420 0.0,1.0
371 421 0.0,1.0
371 422 0.0,1.0
423 424 0.0,1.0
423 425 0.0,1.0
423 426 0.0,1.0
423 427 0.0,1.0
423 428 0.0,1.0
423 429 0.0,1.0
423 430 0.0,1.0
423 431 0.0,1.0
423 432 0.0,1.0
423 433 0.0,1.0
423 434 0.0,1.0
423 435 0.0,1.0
423 436 0.0,1.0
423 437 0.0,1.0
423 438 0.0,1.0
423 439 0.0,1.0
423 440 0.0,1.0
423 441 0.0,1.0
423 442 0.0,1.0
423 443 0.0,1.0
423 444 0.0,1.0
423 445 0.0,1.0
423 446 0.0,1.0
423 447 0.0,1.0
423 448 0.0,1.0
423 449 0.0,1.0
423 450 0.0,1.0
423 451 0.0,1.0
423 452 0.0,1.0
423 453 0.0,1.0
423 454 0.0,1.0
423 455 0.0,1.0
423 456 0.0,1.0
423 457 0.0,1.0
423 458 0.0,1.0
423 459 0.0,1.0
423 460 0.0,1.0
423 461 0.0,1.0
423 462 0.0,1.0
423 463 0.0,1.0
423 464 0.0,1.0
423 465 0.0,1.0
423 466 0.0,1.0
423 467 0.0,1.0
423 468 0.0,1.0
423 469 0.0,1.0
423 470 0.0,1.0
423 471 0.0,1.0
423 472 0.0,1.0
423 473 0.0,1.0
423 474 0.0,1.0
423 475 0.0,1.0
423 476 0.0,1.0
423 477 0.0,1.0
423 478 0.0,1.0
423 479 0.0,1.0
423 480 0.0,1.0
423 481 0.0,1.0
423 482 0.0,1.0
423 483 0.0,1.0
423 484 0.0,1.0
423 485 0.0,1.0
486 487 0.0,1.0
486 488 0.0,1.0
486 489 0.0,1.0
486 490 0.0,1.0
486 491 0.0,1.0
486 492 0.0,1.0
486 493 0.0,1.0
486 494 0.0,1.0
486 495 0.0,1.0
486 496 0.0,1.0
486 497 0.0,1.0
486 498 0.0,1.0
486 499 0.0,1.0
486 500 0.0,1.0
486 501 0.0,1.0
486 502 0.0,1.0
486 503 0.0,1.0
486 504 0.0,1.0
486 505 0.0,1.0
486 506 0.0,1.0
486 507 0.0,1.0
486 508 0.0,1.0
486 509 0.0,1.0
486 510 0.0,1.0
486 511 0.0,1.0
486 512 0.0,1.0
486 513 0.0,1.0
486 514 0.0,1.0
486 515 0.0,1.0
486 516 0.0,1.0
486 517 0.0,1.0
486 518 0.0,1.0
486 519 0.0,1.0
486 520 0.0,1.0
486 521 0.0,1.0
486 522 0.0,1.0
486 523 0.0,1.0
486 524 0.0,1.0
486 525 0.0,1.0
486 526 0.0,1.0
486 527 0.0,1.0
486 528 0.0,1.0
486 529 0.0,1.0
486 530 0.0,1.0
486 531 0.0,1.0
486 532 0.0,1.0
533 534 0.3333333333333333,0.6666666666666667
533 535 0.3333333333333333,0.6666666666666667
533 536 0.3333333333333333,0.6666666666666667
533 537 0.3333333333333333,0.6666666666666667
533 538 0.3333333333333333,0.6666666666666667
533 539 0.3333333333333333,0.6666666666666667
533 540 0.3333333333333333,0.6666666666666667
533 541 0.3333333333333333,0.6666666666666667
533 542 0.3333333333333333,0.6666666666666667
533 543 0.3333333333333333,0.6666666666666667
533 544 0.3333333333333333,0.6666666666666667
533 545 0.3333333333333333,0.6666666666666667
533 546 0.3333333333333333,0.6666666666666667
533 547 0.3333333333333333,0.6666666666666667
533 548 0.3333333333333333,0.6666666666666667
533 549 0.3333333333333333,0.6666666666666667
533 550 0.3333333333333333,0.6666666666666667
533 551 0.3333333333333333,0.6666666666666667
533 552 0.3333333333333333,0.6666666666666667
533 553 0.3333333333333333,0.6666666666666667
533 554 0.3333333333333333,0.6666666666666667
533 555 0.3333333333333333,0.6666666666666667
533 556 0.3333333333333333,0.6666666666666667
533 557 0.3333333333333333,0.6666666666666667
533 558 0.3333333333333333,0.6666666666666667
533 559 0.3333333333333333,0.6666666666666667
533 560 0.3333333333333333,0.6666666666666667
533 561 0.3333333333333333,0.6666666666666667
533 562 0.3333333333333333,0.6666666666666667
533 563 0.3333333333333333,0.6666666666666667
533 564 0.3333333333333333,0.6666666666666667
533 565 0.3333333333333333,0.6666666666666667
533 566 0.3333333333333333,0.6666666666666667
533 567 0.3333333333333333,0.6666666666666667
533 568 0.3333333333333333,0.6666666666666667
533 569 0.3333333333333333,0.6666666666666667
533 570 0.3333333333333333,0.6666666666666667
533 571 0.3333333333333333,0.6666666666666667
533 572 0.3333333333333333,0.6666666666666667
533 573 0.3333333333333333,0.6666666666666667
533 574 0.3333333333333333,0.6666666666666667
533 575 0.3333333333333333,0.6666666666666667
533 576 0.3333333333333333,0.6666666666666667
533 577 0.3333333333333333,0.6666666666666667
533 578 0.3333333333333333,0.6666666666666667
533 579 0.3333333333333333,0.6666666666666667
533 580 0.3333333333333333,0.6666666666666667
533 581 0.3333333333333333,0.6666666666666667
533 582 0.3333333333333333,0.6666666666666667
533 583 0.3333333333333333,0.6666666666666667
533 584 0.3333333333333333,0.6666666666666667
533 585 0.3333333333333333,0.6666666666666667
533 586 0.3333333333333333,0.6666666666666667
533 587 0.3333333333333333,0.6666666666666667
533 588 0.3333333333333333,0.6666666666666667
533 589 0.3333333333333333,0.6666666666666667
533 590 0.3333333333333333,0.6666666666666667
533 591 0.3333333333333333,0.6666666666666667
533 592 0.3333333333333333,0.6666666666666667
533 593 0.3333333333333333,0.6666666666666667
533 594 0.3333333333333333,0.6666666666666667
533 595 0.3333333333333333,0.6666666666666667
533 596 0.3333333333333333,0.6666666666666667
533 597 0.3333333333333333,0.6666666666666667
533 598 0.3333333333333333,0.6666666666666667
533 599 0.3333333333333333,0.6666666666666667
533 600 0.3333333333333333,0.6666666666666667
533 601 0.3333333333333333,0.6666666666666667
533 602 0.3333333333333333,0.6666666666666667
533 603 0.3333333333333333,0.6666666666666667
533 604 0.3333333333333333,0.6666666666666667
533 605 0.3333333333333333,0.6666666666666667
533 606 0.3333333333333333,0.6666666666666667
533 607 0.3333333333333333,0.6666666666666667
533 608 0.3333333333333333,0.6666666666666667
533 609 0.3333333333333333,0.6666666666666667
533 610 0.3333333333333333,0.6666666666666667
533 611 0.3333333333333333,0.6666666666666667
533 612 0.3333333333333333,0.6666666666666667
533 613 0.3333333333333333,0.6666666666666667
533 614 0.3333333333333333,0.6666666666666667
533 615 0.3333333333333333,0.6666666666666667
533 616 0.3333333333333333,0.6666666666666667
533 617 0.3333333333333333,0.6666666666666667
533 618 0.3333333333333333,0.6666666666666667
619 620 0.0,1.0
619 621 0.0,1.0
619 622 0.0,1.0
619 623 0.0,1.0
624 625 0.0,1.0
624 626 0.0,1.0
624 627 0.0,1.0
624 628 0.0,1.0
624 629 0.0,1.0
624 630 0.0,1.0
624 631 0.0,1.0
624 632 0.0,1.0
624 633 0.0,1.0
624 634 0.0,1.0
624 635 0.0,1.0
624 636 0.0,1.0
637 638 0.0,1.0
637 639 0.0,1.0
637 640 0.0,1.0
637 641 0.0,1.0
637 642 0.0,1.0
637 643 0.0,1.0
637 644 0.0,1.0
645 646 0.0,1.0
645 647 0.0,1.0
645 648 0.0,1.0
645 649 0.0,1.0
645 650 0.0,1.0
645 651 0.0,1.0
645 652 0.0,1.0
645 653 0.0,1.0
645 654 0.0,1.0
645 655 0.0,1.0
645 656 0.0,1.0
645 657 0.0,1.0
645 658 0.0,1.0
645 659 0.0,1.0
645 660 0.0,1.0
645 661 0.0,1.0
645 662 0.0,1.0
645 663 0.0,1.0
645 664 0.0,1.0
645 665 0.0,1.0
645 666 0.0,1.0
645 667 0.0,1.0
645 668 0.0,1.0
645 669 0.0,1.0
645 670 0.0,1.0
645 671 0.0,1.0
645 672 0.0,1.0
645 673 0.0,1.0
645 674 0.0,1.0
645 675 0.0,1.0
645 676 0.0,1.0
645 677 0.0,1.0
645 678 0.0,1.0
645 679 0.0,1.0
645 680 0.0,1.0
645 681 0.0,1.0
645 682 0.0,1.0
645 683 0.0,1.0
645 684 0.0,1.0
645 685 0.0,1.0
645 686 0.0,1.0
645 687 0.0,1.0
645 688 0.0,1.0
645 689 0.0,1.0
645 690 0.0,1.0
645 691 0.0,1.0
645 692 0.0,1.0
645 693 0.0,1.0
645 694 0.0,1.0
645 695 0.0,1.0
645 696 0.0,1.0
645 697 0.0,1.0
645 698 0.0,1.0
645 699 0.0,1.0
645 700 0.0,1.0
645 701 0.0,1.0
645 702 0.0,1.0
645 703 0.0,1.0
704 705 0.0,1.0
704 706 0.0,1.0
704 707 0.0,1.0
704 708 0.0,1.0
704 709 0.0,1.0
704 710 0.0,1.0
704 711 0.0,1.0
704 712 0.0,1.0
704 713 0.0,1.0
704 714 0.0,1.0
704 715 0.0,1.0
704 716 0.0,1.0
704 717 0.0,1.0
704 718 0.0,1.0
704 719 0.0,1.0
704 720 0.0,1.0
704 721 0.0,1.0
704 722 0.0,1.0
704 723 0.0,1.0
704 724 0.0,1.0
704 725 0.0,1.0
704 726 0.0,1.0
704 727 0.0,1.0
704 728 0.0,1.0
704 729 0.0,1.0
704 730 0.0,1.0
704 731 0.0,1.0
704 732 0.0,1.0
704 733 0.0,1.0
704 734 0.0,1.0
704 735 0.0,1.0
704 736 0.0,1.0
704 737 0.0,1.0
704 738 0.0,1.0
704 739 0.0,1.0
704 740 0.0,1.0
741 742 0.0,1.0
741 743 0.0,1.0
741 744 0.0,1.0
741 745 0.0,1.0
741 746 0.0,1.0
741 747 0.0,1.0
741 748 0.0,1.0
741 749 0.0,1.0
741 750 0.0,1.0
741 751 0.0,1.0
741 752 0.0,1.0
741 753 0.0,1.0
754 755 0.0,1.0
754 756 0.0,1.0
754 757 0.0,1.0
754 758 0.0,1.0
754 759 0.0,1.0
754 760 0.0,1.0
754 761 0.0,1.0
754 762 0.0,1.0
754 763 0.0,1.0
754 764 0.0,1.0
754 765 0.0,1.0
754 766 0.0,1.0
767 768 0.0,1.0
767 769 0.0,1.0
767 770 0.0,1.0
767 771 0.0,1.0
767 772 0.0,1.0
767 773 0.0,1.0
767 774 0.0,1.0
767 775 0.0,1.0
767 776 0.0,1.0
767 777 0.0,1.0
767 778 0.0,1.0
767 779 0.0,1.0
767 780 0.0,1.0
767 781 0.0,1.0
782 783 0.0,1.0
782 784 0.0,1.0
782 785 0.0,1.0
782 786 0.0,1.0
782 787 0.0,1.0
782 788 0.0,1.0
782 789 0.0,1.0
782 790 0.0,1.0
782 791 0.0,1.0
782 792 0.0,1.0
782 793 0.0,1.0
782 794 0.0,1.0
782 795 0.0,1.0
782 796 0.0,1.0
782 797 0.0,1.0
782 798 0.0,1.0
782 799 0.0,1.0
782 800 0.0,1.0
782 801 0.0,1.0
782 802 0.0,1.0
782 803 0.0,1.0
782 804 0.0,1.0
782 805 0.0,1.0
782 806 0.0,1.0
782 807 0.0,1.0
782 808 0.0,1.0
782 809 0.0,1.0
782 810 0.0,1.0
782 811 0.0,1.0
782 812 0.0,1.0
813 814 0.0,1.0
815 816 0.0,1.0
815 817 0.0,1.0
815 818 0.0,1.0
815 819 0.0,1.0
815 820 0.0,1.0
815 821 0.0,1.0
815 822 0.0,1.0
815 823 0.0,1.0
824 825 0.0,1.0
826 827 0.0,1.0
826 828 0.0,1.0
826 829 0.0,1.0
826 830 0.0,1.0
826 831 0.0,1.0
826 832 0.0,1.0
826 833 0.0,1.0
826 834 0.0,1.0
826 835 0.0,1.0
826 836 0.0,1.0
826 837 0.0,1.0
826 838 0.0,1.0
826 839 0.0,1.0
826 840 0.0,1.0
826 841 0.0,1.0
826 842 0.0,1.0
826 843 0.0,1.0
826 844 0.0,1.0
845 846 0.0,1.0
845 847 0.0,1.0
845 848 0.0,1.0
849 850 0.0,1.0
849 851 0.0,1.0
849 852 0.0,1.0
853 854 0.0,1.0
855 856 0.0,1.0
855 857 0.0,1.0
855 858 0.0,1.0
855 859 0.0,1.0
855 860 0.0,1.0
855 861 0.0,1.0
855 862 0.0,1.0
855 863 0.0,1.0
855 864 0.0,1.0
855 865 0.0,1.0
855 866 0.0,1.0
855 867 0.0,1.0
868 869 0.0,1.0
868 870 0.0,1.0
868 871 0.0,1.0
868 872 0.0,1.0
868 873 0.0,1.0
868 874 0.0,1.0
868 875 0.0,1.0
868 876 0.0,1.0
868 877 0.0,1.0
868 878 0.0,1.0
868 879 0.0,1.0
868 880 0.0,1.0
868 881 0.0,1.0
868 882 0.0,1.0
868 883 0.0,1.0
868 884 0.0,1.0
868 885 0.0,1.0
868 886 0.0,1.0
868 887 0.0,1.0
868 888 0.0,1.0
868 889 0.0,1.0
890 891 0.0,1.0
892 893 0.0,1.0
892 894 0.0,1.0
892 895 0.0,1.0
892 896 0.0,1.0
892 897 0.0,1.0
892 898 0.0,1.0
892 899 0.0,1.0
892 900 0.0,1.0
892 901 0.0,1.0
892 902 0.0,1.0
892 903 0.0,1.0
892 904 0.0,1.0
892 905 0.0,1.0
892 906 0.0,1.0
892 907 0.0,1.0
892 908 0.0,1.0
892 909 0.0,1.0
892 910 0.0,1.0
892 911 0.0,1.0
892 912 0.0,1.0
892 913 0.0,1.0
892 914 0.0,1.0
892 915 0.0,1.0
892 916 0.0,1.0
892 917 0.0,1.0
892 918 0.0,1.0
892 919 0.0,1.0
920 921 0.0,1.0
920 922 0.0,1.0
920 923 0.0,1.0
920 924 0.0,1.0
925 926 0.0,1.0
925 927 0.0,1.0
928 929 0.0,1.0
928 930 0.0,1.0
928 931 0.0,1.0
928 932 0.0,1.0
928 933 0.0,1.0
928 934 0.0,1.0
928 935 0.0,1.0
928 936 0.0,1.0
928 937 0.0,1.0
928 938 0.0,1.0
928 939 0.0,1.0
928 940 0.0,1.0
928 941 0.0,1.0
928 942 0.0,1.0
928 943 0.0,1.0
944 945 0.0,1.0
944 946 0.0,1.0
944 947 0.0,1.0
944 948 0.0,1.0
944 949 0.0,1.0
944 950 0.0,1.0
944 951 0.0,1.0
944 952 0.0,1.0
944 953 0.0,1.0
944 954 0.0,1.0
944 955 0.0,1.0
944 956 0.0,1.0
944 957 0.0,1.0
944 958 0.0,1.0
944 959 0.0,1.0
944 960 0.0,1.0
944 961 0.0,1.0
944 962 0.0,1.0
944 963 0.0,1.0
944 964 0.0,1.0
944 965 0.0,1.0
944 966 0.0,1.0
944 967 0.0,1.0
944 968 0.0,1.0
944 969 0.0,1.0
944 970 0.0,1.0
944 971 0.0,1.0
944 972 0.0,1.0
944 973 0.0,1.0
944 974 0.0,1.0
944 975 0.0,1.0
944 976 0.0,1.0
944 977 0.0,1.0
944 978 0.0,1.0
944 979 0.0,1.0
944 980 0.0,1.0
944 981 0.0,1.0
944 982 0.0,1.0
944 983 0.0,1.0
944 984 0.0,1.0
944 985 0.0,1.0
944 986 0.0,1.0
944 987 0.0,1.0
944 988 0.0,1.0
944 989 0.0,1.0
944 990 0.0,1.0
944 991 0.0,1.0
944 992 0.0,1.0
944 993 0.0,1.0
944 994 0.0,1.0
944 995 0.0,1.0
944 996 0.0,1.0
944 997 0.0,1.0
944 998 0.0,1.0
944 999 0.0,1.0
944 1000 0.0,1.0
944 1001 0.0,1.0
944 1002 0.0,1.0
944 1003 0.0,1.0
944 1004 0.0,1.0
944 1005 0.0,1.0
944 1006 0.0,1.0
944 1007 0.0,1.0
944 1008 0.0,1.0
944 1009 0.0,1.0
944 1010 0.0,1.0
944 1011 0.0,1.0
944 1012 0.0,1.0
944 1013 0.0,1.0
944 1014 0.0,1.0
944 1015 0.0,1.0
944 1016 0.0,1.0
944 1017 0.0,1.0
944 1018 0.0,1.0
944 1019 0.0,1.0
944 1020 0.0,1.0
944 1021 0.0,1.0
944 1022 0.0,1.0
944 1023 0.0,1.0
944 1024 0.0,1.0
944 1025 0.0,1.0
944 1026 0.0,1.0
944 1027 0.0,1.0
944 1028 0.0,1.0
944 1029 0.0,1.0
944 1030 0.0,1.0
944 1031 0.0,1.0
944 1032 0.0,1.0
944 1033 0.0,1.0
944 1034 0.0,1.0
944 1035 0.0,1.0
944 1036 0.0,1.0
944 1037 0.0,1.0
944 1038 0.0,1.0
944 1039 0.0,1.0
944 1040 0.0,1.0
944 1041 0.0,1.0
944 1042 0.0,1.0
1043 1044 0.0,1.0
1045 1046 0.0,1.0
1047 1048 0.0,1.0
1047 1049 0.0,1.0
1050 1051 0.0,1.0
1050 1052 0.0,1.0
1050 1053 0.0,1.0
1050 1054 0.0,1.0
1050 1055 0.0,1.0
1050 1056 0.0,1.0
1050 1057 0.0,1.0
1050 1058 0.0,1.0
1050 1059 0.0,1.0
1050 1060 0.0,1.0
1050 1061 0.0,1.0
1050 1062 0.0,1.0
1050 1063 0.0,1.0
1050 1064 0.0,1.0
1050 1065 0.0,1.0
1050 1066 0.0,1.0
1050 1067 0.0,1.0
1050 1068 0.0,1.0
1050 1069 0.0,1.0
1050 1070 0.0,1.0
1050 1071 0.0,1.0
1050 1072 0.0,1.0
1073 1074 0.0,1.0
1073 1075 0.0,1.0
1073 1076 0.0,1.0
1073 1077 0.0,1.0
1073 1078 0.0,1.0
1073 1079 0.0,1.0
1073 1080 0.0,1.0
1073 1081 0.0,1.0
1073 1082 0.0,1.0
1073 1083 0.0,1.0
1073 1084 0.0,1.0
1073 1085 0.0,1.0
1073 1086 0.0,1.0
1073 1087 0.0,1.0
1073 1088 0.0,1.0
1073 1089 0.0,1.0
1073 1090 0.0,1.0
1073 1091 0.0,1.0
1073 1092 0.0,1.0
1073 1093 0.0,1.0
1073 1094 0.0,1.0
1073 1095 0.0,1.0
1073 1096 0.0,1.0
1073 1097 0.0,1.0
1073 1098 0.0,1.0
1073 1099 0.0,1.0
1073 1100 0.0,1.0
1073 1101 0.0,1.0
1073 1102 0.0,1.0
1073 1103 0.0,1.0
1073 1104 0.0,1.0
1073 1105 0.0,1.0
1073 1106 0.0,1.0
1073 1107 0.0,1.0
1073 1108 0.0,1.0
1073 1109 0.0,1.0
1073 1110 0.0,1.0
1073 1111 0.0,1.0
1073 1112 0.0,1.0
1073 1113 0.0,1.0
1073 1114 0.0,1.0
1073 1115 0.0,1.0
1073 1116 0.0,1.0
1073 1117 0.0,1.0
1073 1118 0.0,1.0
1073 1119 0.0,1.0
1073 1120 0.0,1.0
1073 1121 0.0,1.0
1073 1122 0.0,1.0
1073 1123 0.0,1.0
1073 1124 0.0,1.0
1073 1125 0.0,1.0
1073 1126 0.0,1.0
1073 1127 0.0,1.0
1073 1128 0.0,1.0
1073 1129 0.0,1.0
1073 1130 0.0,1.0
1073 1131 0.0,1.0
1073 1132 0.0,1.0
1073 1133 0.0,1.0
1073 1134 0.0,1.0
1073 1135 0.0,1.0
1073 1136 0.0,1.0
1073 1137 0.0,1.0
1073 1138 0.0,1.0
1073 1139 0.0,1.0
1073 1140 0.0,1.0
1073 1141 0.0,1.0
1073 1142 0.0,1.0
1073 1143 0.0,1.0
1073 1144 0.0,1.0
1073 1145 0.0,1.0
1073 1146 0.0,1.0
1073 1147 0.0,1.0
1073 1148 0.0,1.0
1073 1149 0.0,1.0
1073 1150 0.0,1.0
1073 1151 0.0,1.0
1073 1152 0.0,1.0
1073 1153 0.0,1.0
1073 1154 0.0,1.0
1073 1155 0.0,1.0
1073 1156 0.0,1.0
1073 1157 0.0,1.0
1073 1158 0.0,1.0
1073 1159 0.0,1.0
1073 1160 0.0,1.0
1073 1161 0.0,1.0
1073 1162 0.0,1.0
1073 1163 0.0,1.0
1073 1164 0.0,1.0
1073 1165 0.0,1.0
1073 1166 0.0,1.0
1073 1167 0.0,1.0
1073 1168 0.0,1.0
1073 1169 0.0,1.0
1073 1170 0.0,1.0
1073 1171 0.0,1.0
1073 1172 0.0,1.0
1073 1173 0.0,1.0
1073 1174 0.0,1.0
1073 1175 0.0,1.0
1073 1176 0.0,1.0
1073 1177 0.0,1.0
1073 1178 0.0,1.0
1073 1179 0.0,1.0
1073 1180 0.0,1.0
1073 1181 0.0,1.0
1073 1182 0.0,1.0
1073 1183 0.0,1.0
1073 1184 0.0,1.0
1073 1185 0.0,1.0
1073 1186 0.0,1.0
1073 1187 0.0,1.0
1073 1188 0.0,1.0
1073 1189 0.0,1.0
1073 1190 0.0,1.0
1073 1191 0.0,1.0
1073 1192 0.0,1.0
1073 1193 0.0,1.0
1073 1194 0.0,1.0
1073 1195 0.0,1.0
1073 1196 0.0,1.0
1073 1197 0.0,1.0
1073 1198 0.0,1.0
1073 1199 0.0,1.0
1073 1200 0.0,1.0
1073 1201 0.0,1.0
1073 1202 0.0,1.0
1073 1203 0.0,1.0
1073 1204 0.0,1.0
1073 1205 0.0,1.0
1073 1206 0.0,1.0
1073 1207 0.0,1.0
1073 1208 0.0,1.0
1073 1209 0.0,1.0
1073 1210 0.0,1.0
1073 1211 0.0,1.0
1073 1212 0.0,1.0
1073 1213 0.0,1.0
1073 1214 0.0,1.0
1073 1215 0.0,1.0
1073 1216 0.0,1.0
1073 1217 0.0,1.0
1073 1218 0.0,1.0
1073 1219 0.0,1.0
1073 1220 0.0,1.0
1073 1221 0.0,1.0
1073 1222 0.0,1.0
1073 1223 0.0,1.0
1073 1224 0.0,1.0
1073 1225 0.0,1.0
1073 1226 0.0,1.0
1073 1227 0.0,1.0
1073 1228 0.0,1.0
1073 1229 0.0,1.0
1073 1230 0.0,1.0
1073 1231 0.0,1.0
1073 1232 0.0,1.0
1073 1233 0.0,1.0
1234 1235 0.0,1.0
1236 1237 0.0,1.0
1236 1238 0.0,1.0
1236 1239 0.0,1.0
1236 1240 0.0,1.0
1236 1241 0.0,1.0
1242 1243 0.0,1.0
1242 1244 0.0,1.0
1242 1245 0.0,1.0
1242 1246 0.0,1.0
1242 1247 0.0,1.0
1242 1248 0.0,1.0
1242 1249 0.0,1.0
1242 1250 0.0,1.0
1242 1251 0.0,1.0
1242 1252 0.0,1.0
1253 1254 0.0,1.0
1253 1255 0.0,1.0
1253 1256 0.0,1.0
1253 1257 0.0,1.0
1253 1258 0.0,1.0
1253 1259 0.0,1.0
1253 1260 0.0,1.0
1253 1261 0.0,1.0
1253 1262 0.0,1.0
1253 1263 0.0,1.0
1253 1264 0.0,1.0
1253 1265 0.0,1.0
1253 1266 0.0,1.0
1253 1267 0.0,1.0
1253 1268 0.0,1.0
1253 1269 0.0,1.0
1253 1270 0.0,1.0
1253 1271 0.0,1.0
1253 1272 0.0,1.0
1253 1273 0.0,1.0
1274 1275 0.0,1.0
1274 1276 0.0,1.0
1274 1277 0.0,1.0
1274 1278 0.0,1.0
1274 1279 0.0,1.0
1274 1280 0.0,1.0
1274 1281 0.0,1.0
1274 1282 0.0,1.0
1274 1283 0.0,1.0
1274 1284 0.0,1.0
1274 1285 0.0,1.0
1274 1286 0.0,1.0
1274 1287 0.0,1.0
1274 1288 0.0,1.0
1274 1289 0.0,1.0
1274 1290 0.0,1.0
1274 1291 0.0,1.0
1292 1293 0.0,1.0
1292 1294 0.0,1.0
1295 1296 0.0,1.0
1295 1297 0.0,1.0
1295 1298 0.0,1.0
1295 1299 0.0,1.0
1295 1300 0.0,1.0
1295 1301 0.0,1.0
1295 1302 0.0,1.0
1303 1304 0.0,1.0
1303 1305 0.0,1.0
1303 1306 0.0,1.0
1303 1307 0.0,1.0
1303 1308 0.0,1.0
1303 1309 0.0,1.0
1310 1311 0.0,1.0
1310 1312 0.0,1.0
1310 1313 0.0,1.0
1310 1314 0.0,1.0
1310 1315 0.0,1.0
1310 1316 0.0,1.0
1310 1317 0.0,1.0
1310 1318 0.0,1.0
1310 1319 0.0,1.0
1310 1320 0.0,1.0
1310 1321 0.0,1.0
1310 1322 0.0,1.0
1310 1323 0.0,1.0
1310 1324 0.0,1.0
1310 1325 0.0,1.0
1310 1326 0.0,1.0
1310 1327 0.0,1.0
1310 1328 0.0,1.0
1310 1329 0.0,1.0
1310 1330 0.0,1.0
1310 1331 0.0,1.0
1310 1332 0.0,1.0
1310 1333 0.0,1.0
1310 1334 0.0,1.0
1310 1335 0.0,1.0
1310 1336 0.0,1.0
1310 1337 0.0,1.0
1310 1338 0.0,1.0
1310 1339 0.0,1.0
1310 1340 0.0,1.0
1310 1341 0.0,1.0
1310 1342 0.0,1.0
1310 1343 0.0,1.0
1310 1344 0.0,1.0
1310 1345 0.0,1.0
1310 1346 0.0,1.0
1310 1347 0.0,1.0
1310 1348 0.0,1.0
1310 1349 0.0,1.0
1310 1350 0.0,1.0
1310 1351 0.0,1.0
1310 1352 0.0,1.0
1310 1353 0.0,1.0
1310 1354 0.0,1.0
1310 1355 0.0,1.0
1310 1356 0.0,1.0
1310 1357 0.0,1.0
1310 1358 0.0,1.0
1310 1359 0.0,1.0
1310 1360 0.0,1.0
1310 1361 0.0,1.0
1310 1362 0.0,1.0
1310 1363 0.0,1.0
1310 1364 0.0,1.0
1310 1365 0.0,1.0
1310 1366 0.0,1.0
1310 1367 0.0,1.0
1310 1368 0.0,1.0
1310 1369 0.0,1.0
1310 1370 0.0,1.0
1310 1371 0.0,1.0
1310 1372 0.0,1.0
1310 1373 0.0,1.0
1310 1374 0.0,1.0
1310 1375 0.0,1.0
1310 1376 0.0,1.0
1310 1377 0.0,1.0
1310 1378 0.0,1.0
1310 1379 0.0,1.0
1310 1380 0.0,1.0
1310 1381 0.0,1.0
1310 1382 0.0,1.0
1310 1383 0.0,1.0
1310 1384 0.0,1.0
1310 1385 0.0,1.0
1310 1386 0.0,1.0
1310 1387 0.0,1.0
1310 1388 0.0,1.0
1310 1389 0.0,1.0
1310 1390 0.0,1.0
1310 1391 0.0,1.0
1310 1392 0.0,1.0
1310 1393 0.0,1.0
1310 1394 0.0,1.0
1310 1395 0.0,1.0
1310 1396 0.0,1.0
1310 1397 0.0,1.0
1310 1398 0.0,1.0
1310 1399 0.0,1.0
1310 1400 0.0,1.0
1310 1401 0.0,1.0
1310 1402 0.0,1.0
1310 1403 0.0,1.0
1310 1404 0.0,1.0
1310 1405 0.0,1.0
1310 1406 0.0,1.0
1407 1408 0.0,1.0
1407 1409 0.0,1.0
1407 1410 0.0,1.0
1407 1411 0.0,1.0
1407 1412 0.0,1.0
1407 1413 0.0,1.0
1407 1414 0.0,1.0
1407 1415 0.0,1.0
1407 1416 0.0,1.0
1407 1417 0.0,1.0
1407 1418 0.0,1.0
1407 1419 0.0,1.0
1407 1420 0.0,1.0
1421 1422 0.0,1.0
1421 1423 0.0,1.0
1421 1424 0.0,1.0
1421 1425 0.0,1.0
1421 1426 0.0,1.0
1421 1427 0.0,1.0
1421 1428 0.0,1.0
1421 1429 0.0,1.0
1421 1430 0.0,1.0
1421 1431 0.0,1.0
1421 1432 0.0,1.0
1421 1433 0.0,1.0
1421 1434 0.0,1.0
1421 1435 0.0,1.0
1421 1436 0.0,1.0
1421 1437 0.0,1.0
1421 1438 0.0,1.0
1421 1439 0.0,1.0
1421 1440 0.0,1.0
1421 1441 0.0,1.0
1421 1442 0.0,1.0
1421 1443 0.0,1.0
1421 1444 0.0,1.0
1445 1446 0.0,1.0
1445 1447 0.0,1.0
1445 1448 0.0,1.0
1445 1449 0.0,1.0
1445 1450 0.0,1.0
1445 1451 0.0,1.0
1445 1452 0.0,1.0
1445 1453 0.0,1.0
1445 1454 0.0,1.0
1445 1455 0.0,1.0
1445 1456 0.0,1.0
1445 1457 0.0,1.0
1445 1458 0.0,1.0
1445 1459 0.0,1.0
1445 1460 0.0,1.0
1445 1461 0.0,1.0
1445 1462 0.0,1.0
1445 1463 0.0,1.0
1445 1464 0.0,1.0
1445 1465 0.0,1.0
1445 1466 0.0,1.0
1445 1467 0.0,1.0
1445 1468 0.0,1.0
1445 1469 0.0,1.0
1445 1470 0.0,1.0
1445 1471 0.0,1.0
1445 1472 0.0,1.0
1445 1473 0.0,1.0
1445 1474 0.0,1.0
1445 1475 0.0,1.0
1445 1476 0.0,1.0
1445 1477 0.0,1.0
1445 1478 0.0,1.0
1445 1193 0.0,1.0
1445 1479 0.0,1.0
1445 1480 0.0,1.0
1445 1481 0.0,1.0
1445 1482 0.0,1.0
1445 1483 0.0,1.0
1445 1484 0.0,1.0
1445 1485 0.0,1.0
1445 1486 0.0,1.0
1445 1487 0.0,1.0
1445 1488 0.0,1.0
1489 1490 0.0,1.0
1489 1491 0.0,1.0
1489 1492 0.0,1.0
1489 1493 0.0,1.0
1489 1494 0.0,1.0
1489 1495 0.0,1.0
1489 1496 0.0,1.0
1489 1497 0.0,1.0
1489 1498 0.0,1.0
1499 1500 0.0,1.0
1499 1501 0.0,1.0
1499 1502 0.0,1.0
1499 1503 0.0,1.0
1499 1504 0.0,1.0
1499 1505 0.0,1.0
1499 1506 0.0,1.0
1499 1507 0.0,1.0
1499 1508 0.0,1.0
1499 1509 0.0,1.0
1499 1510 0.0,1.0
1499 1511 0.0,1.0
1499 1512 0.0,1.0
1499 1513 0.0,1.0
1499 1514 0.0,1.0
1499 1515 0.0,1.0
1499 1516 0.0,1.0
1499 1517 0.0,1.0
1499 1518 0.0,1.0
1499 1519 0.0,1.0
1499 1520 0.0,1.0
1499 1521 0.0,1.0
1499 1522 0.0,1.0
1499 1523 0.0,1.0
1499 1524 0.0,1.0
1499 1525 0.0,1.0
1526 1527 0.0,1.0
1526 1528 0.0,1.0
1526 1529 0.0,1.0
1526 1530 0.0,1.0
1526 1531 0.0,1.0
1526 1532 0.0,1.0
1526 1533 0.0,1.0
1526 1534 0.0,1.0
1526 1535 0.0,1.0
1526 1536 0.0,1.0
1537 1538 0.0,1.0
1537 1539 0.0,1.0
1540 1541 0.0,1.0
1542 1543 0.0,1.0
1542 1544 0.0,1.0
1545 1546 0.0,1.0
1545 1547 0.0,1.0
1545 1548 0.0,1.0
1545 1549 0.0,1.0
1545 1550 0.0,1.0
1545 1551 0.0,1.0
1545 1552 0.0,1.0
1545 1553 0.0,1.0
1545 1554 0.0,1.0
1545 1555 0.0,1.0
1545 1556 0.0,1.0
1545 1557 0.0,1.0
1545 1558 0.0,1.0
1545 1559 0.0,1.0
1545 1560 0.0,1.0
1545 1561 0.0,1.0
1545 1562 0.0,1.0
1545 1563 0.0,1.0
1545 1564 0.0,1.0
1545 1565 0.0,1.0
1545 1566 0.0,1.0
1545 1567 0.0,1.0
1545 1568 0.0,1.0
1545 1569 0.0,1.0
1545 1570 0.0,1.0
1545 1571 0.0,1.0
1545 1572 0.0,1.0
1545 1573 0.0,1.0
1545 1574 0.0,1.0
1545 1575 0.0,1.0
1545 1576 0.0,1.0
1545 1577 0.0,1.0
1545 1578 0.0,1.0
1545 1579 0.0,1.0
1545 1580 0.0,1.0
1545 1581 0.0,1.0
1545 1582 0.0,1.0
1545 1583 0.0,1.0
1584 1585 0.0,1.0
1586 1587 0.0,1.0
1586 1588 0.0,1.0
1586 1589 0.0,1.0
1586 1590 0.0,1.0
1586 1591 0.0,1.0
1586 1592 0.0,1.0
1586 1593 0.0,1.0
1586 1594 0.0,1.0
1586 1595 0.0,1.0
1586 1596 0.0,1.0
1586 1597 0.0,1.0
1586 1598 0.0,1.0
1586 1599 0.0,1.0
1586 1600 0.0,1.0
1586 1601 0.0,1.0
1586 1602 0.0,1.0
1586 1603 0.0,1.0
1586 1604 0.0,1.0
1586 1605 0.0,1.0
1586 1606 0.0,1.0
1586 1607 0.0,1.0
1586 1608 0.0,1.0
1586 1609 0.0,1.0
1586 1610 0.0,1.0
1586 1611 0.0,1.0
1586 1612 0.0,1.0
1586 1613 0.0,1.0
1586 1614 0.0,1.0
1586 1615 0.0,1.0
1586 1616 0.0,1.0
1586 1617 0.0,1.0
1586 1618 0.0,1.0
1586 1619 0.0,1.0
1586 1620 0.0,1.0
1586 1621 0.0,1.0
1586 1622 0.0,1.0
1586 1623 0.0,1.0
1586 1624 0.0,1.0
1586 1625 0.0,1.0
1586 1626 0.0,1.0
1586 1627 0.0,1.0
1586 1628 0.0,1.0
1586 1629 0.0,1.0
1586 1630 0.0,1.0
1586 1631 0.0,1.0
1586 1632 0.0,1.0
1586 1633 0.0,1.0
1586 1634 0.0,1.0
1586 1635 0.0,1.0
1586 1636 0.0,1.0
1586 1637 0.0,1.0
1586 1638 0.0,1.0
1586 1639 0.0,1.0
1586 1640 0.0,1.0
1586 1641 0.0,1.0
1642 1643 0.0,1.0
1642 1644 0.0,1.0
1642 1645 0.0,1.0
1642 1646 0.0,1.0
1642 1647 0.0,1.0
1642 1648 0.0,1.0
1642 1649 0.0,1.0
1642 1650 0.0,1.0
1642 1651 0.0,1.0
1642 1652 0.0,1.0
1642 1653 0.0,1.0
1642 1654 0.0,1.0
1642 1655 0.0,1.0
1642 1656 0.0,1.0
1642 1657 0.0,1.0
1642 1658 0.0,1.0
1642 1659 0.0,1.0
1642 1660 0.0,1.0
1642 1661 0.0,1.0
1642 1662 0.0,1.0
1642 1663 0.0,1.0
1642 1664 0.0,1.0
1642 1665 0.0,1.0
1642 1666 0.0,1.0
1642 1667 0.0,1.0
1642 1668 0.0,1.0
1642 1669 0.0,1.0
1642 1670 0.0,1.0
1642 1671 0.0,1.0
1642 1672 0.0,1.0
1642 1673 0.0,1.0
1642 1674 0.0,1.0
1642 1675 0.0,1.0
1642 1676 0.0,1.0
1642 1677 0.0,1.0
1642 1678 0.0,1.0
1642 1679 0.0,1.0
1642 1680 0.0,1.0
1642 1681 0.0,1.0
1642 1682 0.0,1.0
1642 1683 0.0,1.0
1642 1684 0.0,1.0
1642 1685 0.0,1.0
1642 1686 0.0,1.0
1642 1687 0.0,1.0
1642 1688 0.0,1.0
1642 1689 0.0,1.0
1642 1690 0.0,1.0
1642 1691 0.0,1.0
1642 1692 0.0,1.0
1642 1693 0.0,1.0
1642 1694 0.0,1.0
1642 1695 0.0,1.0
1642 1696 0.0,1.0
1642 1697 0.0,1.0
1642 1698 0.0,1.0
1699 1700 0.0,1.0
1699 1701 0.0,1.0
1702 1703 0.0,1.0
1702 1704 0.0,1.0
1702 1705 0.0,1.0
1702 1706 0.0,1.0
1702 1707 0.0,1.0
1702 1708 0.0,1.0
1702 1709 0.0,1.0
1702 1710 0.0,1.0
1702 1711 0.0,1.0
1702 1712 0.0,1.0
1702 1713 0.0,1.0
1702 1714 0.0,1.0
1702 1715 0.0,1.0
1702 1716 0.0,1.0
1702 1717 0.0,1.0
1702 1718 0.0,1.0
1702 1719 0.0,1.0
1702 1720 0.0,1.0
1702 1721 0.0,1.0
1702 1722 0.0,1.0
1702 1723 0.0,1.0
1702 1724 0.0,1.0
1702 1725 0.0,1.0
1702 1726 0.0,1.0
1702 1727 0.0,1.0
1702 1728 0.0,1.0
1702 1729 0.0,1.0
1702 1730 0.0,1.0
1702 1731 0.0,1.0
1702 1732 0.0,1.0
1702 1733 0.0,1.0
1702 1734 0.0,1.0
1702 1735 0.0,1.0
1702 1736 0.0,1.0
1702 1737 0.0,1.0
1702 1738 0.0,1.0
1702 1739 0.0,1.0
1702 1740 0.0,1.0
1702 1741 0.0,1.0
1702 1742 0.0,1.0
1702 1743 0.0,1.0
1702 1744 0.0,1.0
1702 1745 0.0,1.0
1702 1746 0.0,1.0
1702 1747 0.0,1.0
1702 1748 0.0,1.0
1702 1749 0.0,1.0
1702 1750 0.0,1.0
1702 1751 0.0,1.0
1702 1752 0.0,1.0
1702 1753 0.0,1.0
1702 1754 0.0,1.0
1755 1756 0.0,1.0
1755 1757 0.0,1.0
1755 1758 0.0,1.0
1755 1759 0.0,1.0
1755 1760 0.0,1.0
1761 1762 0.0,1.0
1761 1763 0.0,1.0
1761 1764 0.0,1.0
1761 1765 0.0,1.0
1761 1766 0.0,1.0
1761 1767 0.0,1.0
1761 1768 0.0,1.0
1761 1769 0.0,1.0
1761 1770 0.0,1.0
1761 1771 0.0,1.0
1761 1772 0.0,1.0
1761 1773 0.0,1.0
1761 1774 0.0,1.0
1761 1775 0.0,1.0
1761 1776 0.0,1.0
1761 1777 0.0,1.0
1778 1779 0.0,1.0
1778 1780 0.0,1.0
1778 1781 0.0,1.0
1778 1782 0.0,1.0
1778 1783 0.0,1.0
1784 1785 0.0,1.0
1784 1786 0.0,1.0
1784 1787 0.0,1.0
1784 1788 0.0,1.0
1784 1789 0.0,1.0
1784 1790 0.0,1.0
1784 1791 0.0,1.0
1784 1792 0.0,1.0
1784 1793 0.0,1.0
1784 1794 0.0,1.0
1784 1795 0.0,1.0
1784 1796 0.0,1.0
1784 1797 0.0,1.0
1784 1798 0.0,1.0
1784 1799 0.0,1.0
1784 1800 0.0,1.0
1784 1801 0.0,1.0
1784 1802 0.0,1.0
1784 1803 0.0,1.0
1784 1804 0.0,1.0
1784 1805 0.0,1.0
1784 1806 0.0,1.0
1784 1807 0.0,1.0
1784 1808 0.0,1.0
1809 1810 0.0,1.0
1811 1812 0.0,1.0
1811 1813 0.0,1.0
1811 1814 0.0,1.0
1811 1815 0.0,1.0
1811 1816 0.0,1.0
1811 1817 0.0,1.0
1811 1818 0.0,1.0
1811 1819 0.0,1.0
1811 1820 0.0,1.0
1811 1821 0.0,1.0
1811 1822 0.0,1.0
1811 1823 0.0,1.0
1811 1824 0.0,1.0
1811 1825 0.0,1.0
1826 1827 0.0,1.0
1826 1828 0.0,1.0
1826 1829 0.0,1.0
1826 1830 0.0,1.0
1826 1831 0.0,1.0
1826 1832 0.0,1.0
1826 1833 0.0,1.0
1826 1834 0.0,1.0
1826 1835 0.0,1.0
1826 1836 0.0,1.0
1826 1837 0.0,1.0
1826 1838 0.0,1.0
1826 1839 0.0,1.0
1826 1840 0.0,1.0
1826 1841 0.0,1.0
1826 1842 0.0,1.0
1826 1843 0.0,1.0
1826 1844 0.0,1.0
1826 1845 0.0,1.0
1826 1846 0.0,1.0
1826 1847 0.0,1.0
1826 1848 0.0,1.0
1826 1849 0.0,1.0
1826 1850 0.0,1.0
1826 1851 0.0,1.0
1826 1852 0.0,1.0
1826 1853 0.0,1.0
1826 1854 0.0,1.0
1826 1855 0.0,1.0
1826 1856 0.0,1.0
1857 1858 0.0,1.0
1857 1859 0.0,1.0
1857 1860 0.0,1.0
1857 1861 0.0,1.0
1857 1862 0.0,1.0
1857 1863 0.0,1.0
1857 1864 0.0,1.0
1857 1865 0.0,1.0
1857 1866 0.0,1.0
1857 1867 0.0,1.0
1857 1868 0.0,1.0
1857 1869 0.0,1.0
1857 1870 0.0,1.0
1857 1871 0.0,1.0
1857 1872 0.0,1.0
1857 1873 0.0,1.0
1857 1874 0.0,1.0
1857 1875 0.0,1.0
1857 1876 0.0,1.0
1857 1877 0.0,1.0
1857 1878 0.0,1.0
1857 1879 0.0,1.0
1857 1880 0.0,1.0
1857 1881 0.0,1.0
1857 1882 0.0,1.0
1857 1883 0.0,1.0
1857 1884 0.0,1.0
1857 1885 0.0,1.0
1857 1886 0.0,1.0
1857 1887 0.0,1.0
1857 1888 0.0,1.0
1857 1889 0.0,1.0
1857 1890 0.0,1.0
1857 1891 0.0,1.0
1857 1892 0.0,1.0
1857 1893 0.0,1.0
1857 1894 0.0,1.0
1857 1895 0.0,1.0
1857 1896 0.0,1.0
1857 1897 0.0,1.0
1857 1898 0.0,1.0
1857 1899 0.0,1.0
1857 1900 0.0,1.0
1857 1901 0.0,1.0
1857 1902 0.0,1.0
1857 1903 0.0,1.0
1857 1904 0.0,1.0
1857 1905 0.0,1.0
1857 1906 0.0,1.0
1857 1907 0.0,1.0
1857 1908 0.0,1.0
1857 1909 0.0,1.0
1857 1910 0.0,1.0
1857 1911 0.0,1.0
1857 1912 0.0,1.0
1857 1913 0.0,1.0
1857 1914 0.0,1.0
1857 1915 0.0,1.0
1857 1916 0.0,1.0
1857 1917 0.0,1.0
1918 1919 0.0,1.0
1918 1920 0.0,1.0
1918 1921 0.0,1.0
1918 1922 0.0,1.0
1918 1923 0.0,1.0
1918 1924 0.0,1.0
1918 1925 0.0,1.0
1918 1926 0.0,1.0
1918 1927 0.0,1.0
1918 1928 0.0,1.0
1918 1929 0.0,1.0
1918 1930 0.0,1.0
1918 1931 0.0,1.0
1918 1932 0.0,1.0
1918 1933 0.0,1.0
1918 1934 0.0,1.0
1935 1936 0.0,1.0
1935 1937 0.0,1.0
1935 1938 0.0,1.0
1935 1939 0.0,1.0
1935 1940 0.0,1.0
1935 1941 0.0,1.0
1935 1942 0.0,1.0
1935 1943 0.0,1.0
1935 1944 0.0,1.0
1935 1945 0.0,1.0
1935 1946 0.0,1.0
1935 1947 0.0,1.0
1935 1948 0.0,1.0
1935 1949 0.0,1.0
1950 1951 0.0,1.0
1950 1952 0.0,1.0
1950 1953 0.0,1.0
1950 1954 0.0,1.0
1955 1956 0.0,1.0
1955 1957 0.0,1.0
1955 1958 0.0,1.0
1955 1959 0.0,1.0
1955 1960 0.0,1.0
1955 1961 0.0,1.0
1955 1962 0.0,1.0
1955 1963 0.0,1.0
1955 1964 0.0,1.0
1955 1965 0.0,1.0
1955 1966 0.0,1.0
1955 1967 0.0,1.0
1955 1968 0.0,1.0
1955 1969 0.0,1.0
1955 1970 0.0,1.0
1955 1971 0.0,1.0
1955 1972 0.0,1.0
1955 1973 0.0,1.0
1955 1974 0.0,1.0
1955 1975 0.0,1.0
1976 1977 0.0,1.0
1976 1978 0.0,1.0
1979 1980 0.0,1.0
1979 1981 0.0,1.0
1979 1982 0.0,1.0
1979 1983 0.0,1.0
1979 1984 0.0,1.0
1979 1985 0.0,1.0
1979 1986 0.0,1.0
1979 1987 0.0,1.0
1988 1989 0.0,1.0
1988 1990 0.0,1.0
1988 1991 0.0,1.0
1988 1992 0.0,1.0
1988 1993 0.0,1.0
1994 1995 0.0,1.0
1994 1996 0.0,1.0
1997 1998 0.0,1.0
1997 1999 0.0,1.0
1997 2000 0.0,1.0
1997 2001 0.0,1.0
1997 2002 0.0,1.0
1997 2003 0.0,1.0
2004 2005 0.0,1.0
2004 2006 0.0,1.0
2004 2007 0.0,1.0
2004 2008 0.0,1.0
2004 2009 0.0,1.0
2004 2010 0.0,1.0
2004 2011 0.0,1.0
2004 2012 0.0,1.0
2004 2013 0.0,1.0
2004 2014 0.0,1.0
2004 2015 0.0,1.0
2004 2016 0.0,1.0
2004 2017 0.0,1.0
2004 2018 0.0,1.0
2004 2019 0.0,1.0
2004 2020 0.0,1.0
2004 2021 0.0,1.0
2004 2022 0.0,1.0
2004 2023 0.0,1.0
2004 2024 0.0,1.0
2004 2025 0.0,1.0
2004 2026 0.0,1.0
2004 2027 0.0,1.0
2004 2028 0.0,1.0
2004 2029 0.0,1.0
2004 2030 0.0,1.0
2004 2031 0.0,1.0
2004 2032 0.0,1.0
2004 2033 0.0,1.0
2004 2034 0.0,1.0
2004 2035 0.0,1.0
2004 2036 0.0,1.0
2004 2037 0.0,1.0
2004 2038 0.0,1.0
2004 2039 0.0,1.0
2004 2040 0.0,1.0
2004 2041 0.0,1.0
2004 2042 0.0,1.0
2004 2043 0.0,1.0
2004 2044 0.0,1.0
2004 2045 0.0,1.0
2004 2046 0.0,1.0
2004 2047 0.0,1.0
2004 2048 0.0,1.0
2004 2049 0.0,1.0
2004 2050 0.0,1.0
2004 2051 0.0,1.0
2004 2052 0.0,1.0
2004 2053 0.0,1.0
2004 2054 0.0,1.0
2004 2055 0.0,1.0
2004 2056 0.0,1.0
2004 2057 0.0,1.0
2004 2058 0.0,1.0
2004 2059 0.0,1.0
2004 2060 0.0,1.0
2004 2061 0.0,1.0
2004 2062 0.0,1.0
2004 2063 0.0,1.0
2004 2064 0.0,1.0
2004 2065 0.0,1.0
2004 2066 0.0,1.0
2004 2067 0.0,1.0
2004 2068 0.0,1.0
2004 2069 0.0,1.0
2004 2070 0.0,1.0
2004 2071 0.0,1.0
2072 2073 0.0,1.0
2072 2074 0.0,1.0
2072 2075 0.0,1.0
2072 2076 0.0,1.0
2072 2077 0.0,1.0
2072 2078 0.0,1.0
2072 2079 0.0,1.0
2072 2080 0.0,1.0
2072 2081 0.0,1.0
2072 2082 0.0,1.0
2072 2083 0.0,1.0
2072 2084 0.0,1.0
2072 2085 0.0,1.0
2072 2086 0.0,1.0
2072 2087 0.0,1.0
2072 2088 0.0,1.0
2072 2089 0.0,1.0
2072 2090 0.0,1.0
2072 2091 0.0,1.0
2072 2092 0.0,1.0
2072 2093 0.0,1.0
2094 2095 0.0,1.0
2094 2096 0.0,1.0
2094 2097 0.0,1.0
2094 2098 0.0,1.0
2094 2099 0.0,1.0
2094 2100 0.0,1.0
2094 2101 0.0,1.0
2094 2102 0.0,1.0
2094 2103 0.0,1.0
2094 2104 0.0,1.0
2094 2105 0.0,1.0
2094 2106 0.0,1.0
2094 2107 0.0,1.0
2094 2108 0.0,1.0
2094 2109 0.0,1.0
2094 2110 0.0,1.0
2094 2111 0.0,1.0
2094 2112 0.0,1.0
2094 2113 0.0,1.0
2094 2114 0.0,1.0
2094 2115 0.0,1.0
2094 2116 0.0,1.0
2094 2117 0.0,1.0
2094 2118 0.0,1.0
2094 2119 0.0,1.0
2094 2120 0.0,1.0
2094 2121 0.0,1.0
2094 2122 0.0,1.0
2094 2123 0.0,1.0
2094 2124 0.0,1.0
2094 2125 0.0,1.0
2094 2126 0.0,1.0
2094 2127 0.0,1.0
2094 2128 0.0,1.0
2094 2129 0.0,1.0
2094 2130 0.0,1.0
2094 2131 0.0,1.0
2094 2132 0.0,1.0
2094 2133 0.0,1.0
2094 2134 0.0,1.0
2094 2135 0.0,1.0
2094 2136 0.0,1.0
2094 2137 0.0,1.0
2094 2138 0.0,1.0
2094 2139 0.0,1.0
2094 2140 0.0,1.0
2094 2141 0.0,1.0
2094 2142 0.0,1.0
2094 2143 0.0,1.0
2094 2144 0.0,1.0
2094 2145 0.0,1.0
2094 2146 0.0,1.0
2094 2147 0.0,1.0
2094 2148 0.0,1.0
2094 2149 0.0,1.0
2094 2150 0.0,1.0
2094 2151 0.0,1.0
2094 2152 0.0,1.0
2094 2153 0.0,1.0
2094 2154 0.0,1.0
2094 2155 0.0,1.0
2094 2156 0.0,1.0
2094 2157 0.0,1.0
2094 2158 0.0,1.0
2094 2159 0.0,1.0
2094 2160 0.0,1.0
2094 2161 0.0,1.0
2094 2162 0.0,1.0
2094 2163 0.0,1.0
2094 2164 0.0,1.0
2094 2165 0.0,1.0
2094 2166 0.0,1.0
2094 2167 0.0,1.0
2094 2168 0.0,1.0
2094 2169 0.0,1.0
2094 2170 0.0,1.0
2094 2171 0.0,1.0
2094 2172 0.0,1.0
2094 2173 0.0,1.0
2094 2174 0.0,1.0
2094 2175 0.0,1.0
2094 2176 0.0,1.0
2094 2177 0.0,1.0
2094 2178 0.0,1.0
2094 2179 0.0,1.0
2094 2180 0.0,1.0
2094 2181 0.0,1.0
2094 2182 0.0,1.0
2094 2183 0.0,1.0
2094 2184 0.0,1.0
2094 2185 0.0,1.0
2094 2186 0.0,1.0
2094 2187 0.0,1.0
2094 2188 0.0,1.0
2094 2189 0.0,1.0
2094 2190 0.0,1.0
2094 2191 0.0,1.0
2094 2192 0.0,1.0
2094 2193 0.0,1.0
2094 2194 0.0,1.0
2094 2195 0.0,1.0
2094 2196 0.0,1.0
2094 2197 0.0,1.0
2094 2198 0.0,1.0
2094 2199 0.0,1.0
2094 2200 0.0,1.0
2094 2201 0.0,1.0
2094 2202 0.0,1.0
2094 2203 0.0,1.0
2094 2204 0.0,1.0
2094 2205 0.0,1.0
2094 2206 0.0,1.0
2094 2207 0.0,1.0
2094 2208 0.0,1.0
2094 2209 0.0,1.0
2094 2210 0.0,1.0
2094 2211 0.0,1.0
2094 2212 0.0,1.0
2094 2213 0.0,1.0
2094 2214 0.0,1.0
2094 2215 0.0,1.0
2094 2216 0.0,1.0
2094 2217 0.0,1.0
2094 2218 0.0,1.0
2094 2219 0.0,1.0
2094 2220 0.0,1.0
2094 2221 0.0,1.0
2094 2222 0.0,1.0
2094 2223 0.0,1.0
2094 2224 0.0,1.0
2094 2225 0.0,1.0
2094 2226 0.0,1.0
2094 2227 0.0,1.0
2094 2228 0.0,1.0
2094 2229 0.0,1.0
2094 2230 0.0,1.0
2094 2231 0.0,1.0
2094 2232 0.0,1.0
2094 2233 0.0,1.0
2094 2234 0.0,1.0
2235 2236 0.0,1.0
2237 2238 0.0,1.0
2237 2239 0.0,1.0
2237 2240 0.0,1.0
2237 2241 0.0,1.0
2237 2242 0.0,1.0
2237 2243 0.0,1.0
2237 2244 0.0,1.0
2237 2245 0.0,1.0
2237 2246 0.0,1.0
2237 2247 0.0,1.0
2248 2249 0.0,1.0
2248 2250 0.0,1.0
2248 2251 0.0,1.0
2248 2252 0.0,1.0
2253 2254 0.0,1.0
2253 2255 0.0,1.0
2253 2256 0.0,1.0
2253 2257 0.0,1.0
2258 2259 0.0,1.0
2258 2260 0.0,1.0
2261 2262 0.0,1.0
2263 2264 1.0,0.0
2263 2265 1.0,0.0
2263 2266 1.0,0.0
2263 2267 1.0,0.0
2263 2268 1.0,0.0
2263 2269 1.0,0.0
2263 2270 1.0,0.0
2263 2271 1.0,0.0
2263 2272 1.0,0.0
2263 2273 1.0,0.0
2263 2274 1.0,0.0
2263 2275 1.0,0.0
2276 2277 0.0,1.0
2276 2278 0.0,1.0
2276 2279 0.0,1.0
2276 2280 0.0,1.0
2276 2281 0.0,1.0
2276 2282 0.0,1.0
2276 2283 0.0,1.0
2276 2284 0.0,1.0
2276 2285 0.0,1.0
2276 2286 0.0,1.0
2276 2287 0.0,1.0
2288 2289 0.0,1.0
2288 2290 0.0,1.0
2288 2291 0.0,1.0
2288 2292 0.0,1.0
2288 2293 0.0,1.0
2288 2294 0.0,1.0
2288 2295 0.0,1.0
2288 2296 0.0,1.0
2288 2297 0.0,1.0
2288 2298 0.0,1.0
2288 2299 0.0,1.0
2288 2300 0.0,1.0
2288 2301 0.0,1.0
2288 2302 0.0,1.0
2288 2303 0.0,1.0
2288 2304 0.0,1.0
2288 2305 0.0,1.0
2288 2306 0.0,1.0
2288 2307 0.0,1.0
2288 2308 0.0,1.0
2288 2309 0.0,1.0
2288 2310 0.0,1.0
2288 2311 0.0,1.0
2288 2312 0.0,1.0
2288 2313 0.0,1.0
2288 2314 0.0,1.0
2288 2315 0.0,1.0
2288 2316 0.0,1.0
2288 2317 0.0,1.0
2288 2318 0.0,1.0
2288 2319 0.0,1.0
2288 2320 0.0,1.0
2288 2321 0.0,1.0
2288 2322 0.0,1.0
2288 2323 0.0,1.0
2288 2324 0.0,1.0
2288 2325 0.0,1.0
2326 2327 0.0,1.0
2326 2328 0.0,1.0
2326 2329 0.0,1.0
2326 2330 0.0,1.0
2326 2331 0.0,1.0
2326 2332 0.0,1.0
2326 2333 0.0,1.0
2326 2334 0.0,1.0
2326 2335 0.0,1.0
2326 2336 0.0,1.0
2326 2337 0.0,1.0
2326 2338 0.0,1.0
2326 2339 0.0,1.0
2326 2340 0.0,1.0
2326 2341 0.0,1.0
2326 2342 0.0,1.0
2326 2343 0.0,1.0
2326 2344 0.0,1.0
2326 2345 0.0,1.0
2326 2346 0.0,1.0
2326 2347 0.0,1.0
2326 2348 0.0,1.0
2326 2349 0.0,1.0
2326 2350 0.0,1.0
2326 2351 0.0,1.0
2326 2352 0.0,1.0
2326 2353 0.0,1.0
2326 2354 0.0,1.0
2326 2355 0.0,1.0
2326 2356 0.0,1.0
2326 2357 0.0,1.0
2326 2358 0.0,1.0
2326 2359 0.0,1.0
2326 2360 0.0,1.0
2326 2361 0.0,1.0
2326 2362 0.0,1.0
2326 2363 0.0,1.0
2326 2364 0.0,1.0
2326 2365 0.0,1.0
2326 2366 0.0,1.0
2326 2367 0.0,1.0
2326 2368 0.0,1.0
2326 2369 0.0,1.0
2326 2370 0.0,1.0
2326 2371 0.0,1.0
2326 2372 0.0,1.0
2326 2373 0.0,1.0
2326 2374 0.0,1.0
2326 2375 0.0,1.0
2326 2376 0.0,1.0
2326 2377 0.0,1.0
2326 2378 0.0,1.0
2326 2379 0.0,1.0
2326 2380 0.0,1.0
2326 2381 0.0,1.0
2326 2382 0.0,1.0
2326 2383 0.0,1.0
2326 2384 0.0,1.0
2326 2385 0.0,1.0
2326 2386 0.0,1.0
2326 2387 0.0,1.0
2326 2388 0.0,1.0
2326 2389 0.0,1.0
2326 2390 0.0,1.0
2326 2391 0.0,1.0
2326 2392 0.0,1.0
2326 2393 0.0,1.0
2326 2394 0.0,1.0
2326 2395 0.0,1.0
2326 2396 0.0,1.0
2326 2397 0.0,1.0
2326 2398 0.0,1.0
2326 2399 0.0,1.0
2326 2400 0.0,1.0
2326 2401 0.0,1.0
2326 2402 0.0,1.0
2326 2403 0.0,1.0
2326 2404 0.0,1.0
2326 2405 0.0,1.0
2326 2406 0.0,1.0
2326 2407 0.0,1.0
2326 2408 0.0,1.0
2326 2409 0.0,1.0
2326 2410 0.0,1.0
2326 2411 0.0,1.0
2326 2412 0.0,1.0
2326 2413 0.0,1.0
2326 2414 0.0,1.0
2326 2415 0.0,1.0
2326 2416 0.0,1.0
2326 2417 0.0,1.0
2326 2418 0.0,1.0
2326 2419 0.0,1.0
2326 2420 0.0,1.0
2326 2421 0.0,1.0
2326 2422 0.0,1.0
2326 2423 0.0,1.0
2326 2424 0.0,1.0
2326 2425 0.0,1.0
2326 2426 0.0,1.0
2326 2427 0.0,1.0
2326 2428 0.0,1.0
2326 2429 0.0,1.0
2326 2430 0.0,1.0
2326 2431 0.0,1.0
2326 2432 0.0,1.0
2326 2433 0.0,1.0
2326 2434 0.0,1.0
2326 2435 0.0,1.0
2326 2436 0.0,1.0
2326 2437 0.0,1.0
2326 2438 0.0,1.0
2326 2439 0.0,1.0
2326 2440 0.0,1.0
2326 2441 0.0,1.0
2326 2442 0.0,1.0
2326 2443 0.0,1.0
2326 2444 0.0,1.0
2326 2445 0.0,1.0
2326 2446 0.0,1.0
2326 2447 0.0,1.0
2326 2448 0.0,1.0
2326 2449 0.0,1.0
2326 2450 0.0,1.0
2326 2451 0.0,1.0
2326 2452 0.0,1.0
2326 2453 0.0,1.0
2326 2454 0.0,1.0
2326 2455 0.0,1.0
2326 2456 0.0,1.0
2326 2457 0.0,1.0
2326 2458 0.0,1.0
2326 2459 0.0,1.0
2326 2460 0.0,1.0
2326 2461 0.0,1.0
2326 2462 0.0,1.0
2326 2463 0.0,1.0
2326 2464 0.0,1.0
2326 2465 0.0,1.0
2326 2466 0.0,1.0
2326 2467 0.0,1.0
2326 2468 0.0,1.0
2326 2469 0.0,1.0
2326 2470 0.0,1.0
2326 2471 0.0,1.0
2326 2472 0.0,1.0
2326 2473 0.0,1.0
2326 2474 0.0,1.0
2326 2475 0.0,1.0
2326 2476 0.0,1.0
2326 2477 0.0,1.0
2326 2478 0.0,1.0
2326 2479 0.0,1.0
2326 2480 0.0,1.0
2326 2481 0.0,1.0
2326 2482 0.0,1.0
2326 2483 0.0,1.0
2326 2484 0.0,1.0
2326 2485 0.0,1.0
2326 2486 0.0,1.0
2326 2487 0.0,1.0
2326 2488 0.0,1.0
2326 2489 0.0,1.0
2326 2490 0.0,1.0
2326 2491 0.0,1.0
2326 2492 0.0,1.0
2326 2493 0.0,1.0
2326 2494 0.0,1.0
2326 2495 0.0,1.0
2326 2496 0.0,1.0
2326 2497 0.0,1.0
2326 2498 0.0,1.0
2326 2499 0.0,1.0
2326 2500 0.0,1.0
2326 2501 0.0,1.0
2326 2502 0.0,1.0
2326 2503 0.0,1.0
2326 2504 0.0,1.0
2326 2505 0.0,1.0
2326 2506 0.0,1.0
2326 2507 0.0,1.0
2326 2508 0.0,1.0
2326 2509 0.0,1.0
2326 2510 0.0,1.0
2326 2511 0.0,1.0
2326 2512 0.0,1.0
2326 2513 0.0,1.0
2326 2514 0.0,1.0
2326 2515 0.0,1.0
2326 2516 0.0,1.0
2326 2517 0.0,1.0
2326 2518 0.0,1.0
2326 2519 0.0,1.0
2326 2520 0.0,1.0
2326 2521 0.0,1.0
2326 2522 0.0,1.0
2326 2523 0.0,1.0
2326 2524 0.0,1.0
2326 2525 0.0,1.0
2326 2526 0.0,1.0
2326 2527 0.0,1.0
2326 2528 0.0,1.0
2326 2529 0.0,1.0
2326 2530 0.0,1.0
2326 2531 0.0,1.0
2326 2532 0.0,1.0
2326 2533 0.0,1.0
2326 2534 0.0,1.0
2326 2535 0.0,1.0
2326 2536 0.0,1.0
2326 2537 0.0,1.0
2326 2538 0.0,1.0
2326 2539 0.0,1.0
2540 2541 0.0,1.0
2540 2542 0.0,1.0
2540 2543 0.0,1.0
2540 2544 0.0,1.0
2540 2545 0.0,1.0
2540 2546 0.0,1.0
2540 2547 0.0,1.0
2540 2548 0.0,1.0
2540 2549 0.0,1.0
2550 2551 0.0,1.0
2550 2552 0.0,1.0
2550 2553 0.0,1.0
2550 2554 0.0,1.0
2550 2555 0.0,1.0
2550 2556 0.0,1.0
2550 2557 0.0,1.0
2550 2558 0.0,1.0
2550 2559 0.0,1.0
2550 2560 0.0,1.0
2550 2561 0.0,1.0
2550 2562 0.0,1.0
2550 2563 0.0,1.0
2550 2564 0.0,1.0
2550 2565 0.0,1.0
2550 2566 0.0,1.0
2550 2567 0.0,1.0
2550 2568 0.0,1.0
2550 2569 0.0,1.0
2550 2570 0.0,1.0
2550 2571 0.0,1.0
2550 2572 0.0,1.0
2550 2573 0.0,1.0
2550 2574 0.0,1.0
2550 2575 0.0,1.0
2550 2576 0.0,1.0
2550 2577 0.0,1.0
2550 2578 0.0,1.0
2550 2579 0.0,1.0
2550 2580 0.0,1.0
2550 2581 0.0,1.0
2550 2582 0.0,1.0
2550 2583 0.0,1.0
2550 2584 0.0,1.0
2550 2585 0.0,1.0
2550 2586 0.0,1.0
2550 2587 0.0,1.0
2550 2588 0.0,1.0
2550 2589 0.0,1.0
2550 2590 0.0,1.0
2550 2591 0.0,1.0
2550 2592 0.0,1.0
2550 2593 0.0,1.0
2550 2594 0.0,1.0
2550 2595 0.0,1.0
2550 2596 0.0,1.0
2550 2597 0.0,1.0
2550 2598 0.0,1.0
2550 2599 0.0,1.0
2550 2600 0.0,1.0
2550 2601 0.0,1.0
2550 2602 0.0,1.0
2550 2603 0.0,1.0
2550 2604 0.0,1.0
2550 2605 0.0,1.0
2550 2606 0.0,1.0
2550 2607 0.0,1.0
2550 2608 0.0,1.0
2550 2609 0.0,1.0
2550 2610 0.0,1.0
2550 2611 0.0,1.0
2550 2612 0.0,1.0
2550 2613 0.0,1.0
2550 2614 0.0,1.0
2550 2615 0.0,1.0
2550 2616 0.0,1.0
2550 2617 0.0,1.0
2550 2618 0.0,1.0
2550 2619 0.0,1.0
2550 2620 0.0,1.0
2550 2621 0.0,1.0
2550 2622 0.0,1.0
2550 2623 0.0,1.0
2550 2624 0.0,1.0
2550 2625 0.0,1.0
2550 2626 0.0,1.0
2550 2627 0.0,1.0
2550 2628 0.0,1.0
2550 2629 0.0,1.0
2550 2630 0.0,1.0
2550 2631 0.0,1.0
2550 2632 0.0,1.0
2550 2633 0.0,1.0
2550 2634 0.0,1.0
2550 2635 0.0,1.0
2550 2636 0.0,1.0
2550 2637 0.0,1.0
2550 2638 0.0,1.0
2550 2639 0.0,1.0
2550 2640 0.0,1.0
2550 2641 0.0,1.0
2550 2642 0.0,1.0
2550 2643 0.0,1.0
2550 2644 0.0,1.0
2550 2645 0.0,1.0
2550 2646 0.0,1.0
2550 2647 0.0,1.0
2550 2648 0.0,1.0
2550 2649 0.0,1.0
2550 2650 0.0,1.0
2550 2651 0.0,1.0
2550 2652 0.0,1.0
2550 2653 0.0,1.0
2550 2654 0.0,1.0
2550 2655 0.0,1.0
2550 2656 0.0,1.0
2550 2657 0.0,1.0
2550 2658 0.0,1.0
2550 2659 0.0,1.0
2550 2660 0.0,1.0
2550 2661 0.0,1.0
2550 2662 0.0,1.0
2550 2663 0.0,1.0
2550 2664 0.0,1.0
2550 2665 0.0,1.0
2550 2666 0.0,1.0
2550 2667 0.0,1.0
2550 2668 0.0,1.0
2550 2669 0.0,1.0
2550 2670 0.0,1.0
2550 2671 0.0,1.0
2550 2672 0.0,1.0
2550 2673 0.0,1.0
2550 2674 0.0,1.0
2550 2675 0.0,1.0
2550 2676 0.0,1.0
2550 2677 0.0,1.0
2550 2678 0.0,1.0
2679 2680 0.0,1.0
2679 2681 0.0,1.0
2679 2682 0.0,1.0
2679 2683 0.0,1.0
2679 2684 0.0,1.0
2679 2685 0.0,1.0
2679 2686 0.0,1.0
2679 2687 0.0,1.0
2679 2688 0.0,1.0
2679 2689 0.0,1.0
2679 2690 0.0,1.0
2679 2691 0.0,1.0
2679 2692 0.0,1.0
2679 2693 0.0,1.0
2694 2695 0.0,1.0
2694 2696 0.0,1.0
2694 2697 0.0,1.0
2694 2698 0.0,1.0
2694 2699 0.0,1.0
2700 2701 0.0,1.0
2700 2702 0.0,1.0
2700 2703 0.0,1.0
2700 2704 0.0,1.0
2700 2705 0.0,1.0
2700 2706 0.0,1.0
2700 2707 0.0,1.0
2700 2708 0.0,1.0
2700 2709 0.0,1.0
2700 2710 0.0,1.0
2700 2711 0.0,1.0
2700 2712 0.0,1.0
2700 2713 0.0,1.0
2700 2714 0.0,1.0
2700 2715 0.0,1.0
2700 2716 0.0,1.0
2700 2717 0.0,1.0
2700 2718 0.0,1.0
2700 2719 0.0,1.0
2700 2720 0.0,1.0
2700 2721 0.0,1.0
2700 2722 0.0,1.0
2700 2723 0.0,1.0
2700 2724 0.0,1.0
2700 2725 0.0,1.0
2700 2726 0.0,1.0
2700 2727 0.0,1.0
2700 2728 0.0,1.0
2700 2729 0.0,1.0
2700 2730 0.0,1.0
2700 2731 0.0,1.0
2700 2732 0.0,1.0
2700 2733 0.0,1.0
2700 2734 0.0,1.0
165 164 0.0,1.0
165 2735 0.0,1.0
165 2736 0.0,1.0
165 2737 0.0,1.0
165 2738 0.0,1.0
165 2739 0.0,1.0
165 2740 0.0,1.0
165 2741 0.0,1.0
165 2742 0.0,1.0
165 2743 0.0,1.0
165 2744 0.0,1.0
165 2745 0.0,1.0
165 2746 0.0,1.0
165 2747 0.0,1.0
165 2748 0.0,1.0
165 2749 0.0,1.0
165 2750 0.0,1.0
165 2751 0.0,1.0
165 2752 0.0,1.0
165 2753 0.0,1.0
165 2754 0.0,1.0
165 2755 0.0,1.0
165 2756 0.0,1.0
165 2757 0.0,1.0
2758 2759 0.0,1.0
2758 2760 0.0,1.0
2758 2761 0.0,1.0
2758 2762 0.0,1.0
2758 2763 0.0,1.0
2758 2764 0.0,1.0
2758 2765 0.0,1.0
2758 2766 0.0,1.0
2758 2767 0.0,1.0
2758 2768 0.0,1.0
2758 2769 0.0,1.0
2758 2770 0.0,1.0
2758 2771 0.0,1.0
2758 2772 0.0,1.0
2758 2773 0.0,1.0
2758 2774 0.0,1.0
2758 2775 0.0,1.0
2758 2776 0.0,1.0
2758 2777 0.0,1.0
2758 2778 0.0,1.0
2758 2779 0.0,1.0
2758 2780 0.0,1.0
2758 2781 0.0,1.0
2758 2782 0.0,1.0
2758 2783 0.0,1.0
2758 2784 0.0,1.0
2758 2785 0.0,1.0
2758 2786 0.0,1.0
2758 2787 0.0,1.0
2758 2788 0.0,1.0
2758 2789 0.0,1.0
2758 2790 0.0,1.0
2758 2791 0.0,1.0
2758 2792 0.0,1.0
2758 2793 0.0,1.0
2758 2794 0.0,1.0
2758 2795 0.0,1.0
2758 2796 0.0,1.0
2758 2797 0.0,1.0
2758 2798 0.0,1.0
2758 2799 0.0,1.0
2758 2800 0.0,1.0
2758 2801 0.0,1.0
2758 2802 0.0,1.0
2758 2803 0.0,1.0
2804 2805 0.0,1.0
2804 2806 0.0,1.0
2804 2807 0.0,1.0
2804 2808 0.0,1.0
2804 2809 0.0,1.0
2804 2810 0.0,1.0
2804 2811 0.0,1.0
2804 2812 0.0,1.0
2804 2813 0.0,1.0
2804 2814 0.0,1.0
2804 2815 0.0,1.0
2804 2816 0.0,1.0
2804 2817 0.0,1.0
2804 2818 0.0,1.0
2804 2819 0.0,1.0
2804 2820 0.0,1.0
2804 2821 0.0,1.0
2804 2822 0.0,1.0
2804 2823 0.0,1.0
2804 2824 0.0,1.0
2804 2825 0.0,1.0
2804 2826 0.0,1.0
2804 2827 0.0,1.0
2804 2828 0.0,1.0
2804 2829 0.0,1.0
2804 2830 0.0,1.0
2804 2831 0.0,1.0
2804 2832 0.0,1.0
2804 2833 0.0,1.0
2804 2834 0.0,1.0
2804 2835 0.0,1.0
2804 2836 0.0,1.0
2804 2837 0.0,1.0
2804 2838 0.0,1.0
2804 2839 0.0,1.0
2804 2840 0.0,1.0
2804 2841 0.0,1.0
2804 2842 0.0,1.0
2804 2843 0.0,1.0
2804 2844 0.0,1.0
2804 2845 0.0,1.0
2804 2846 0.0,1.0
2804 2847 0.0,1.0
2804 2848 0.0,1.0
2804 2849 0.0,1.0
2804 2850 0.0,1.0
2804 2851 0.0,1.0
2804 2852 0.0,1.0
2804 2853 0.0,1.0
2804 2854 0.0,1.0
2804 2855 0.0,1.0
2804 2856 0.0,1.0
2804 2857 0.0,1.0
2804 2858 0.0,1.0
2804 2859 0.0,1.0
2804 2860 0.0,1.0
2804 2861 0.0,1.0
2804 2862 0.0,1.0
2804 2863 0.0,1.0
2804 2864 0.0,1.0
2804 2865 0.0,1.0
2804 2866 0.0,1.0
2804 2867 0.0,1.0
2804 2868 0.0,1.0
2804 2869 0.0,1.0
2804 2870 0.0,1.0
2804 2871 0.0,1.0
2804 2872 0.0,1.0
2804 2873 0.0,1.0
2804 2874 0.0,1.0
2804 2875 0.0,1.0
2804 2876 0.0,1.0
2804 2877 0.0,1.0
2804 2878 0.0,1.0
2804 2879 0.0,1.0
2804 2880 0.0,1.0
2804 2881 0.0,1.0
2804 2882 0.0,1.0
2804 2883 0.0,1.0
2804 2884 0.0,1.0
2804 2885 0.0,1.0
2804 2886 0.0,1.0
2804 2887 0.0,1.0
2804 2888 0.0,1.0
2804 2889 0.0,1.0
2804 2890 0.0,1.0
2804 2891 0.0,1.0
2804 2892 0.0,1.0
2804 2893 0.0,1.0
2804 2894 0.0,1.0
2804 2895 0.0,1.0
2804 2896 0.0,1.0
2804 2897 0.0,1.0
2804 2898 0.0,1.0
2804 2899 0.0,1.0
2804 2900 0.0,1.0
2804 2901 0.0,1.0
2804 2902 0.0,1.0
2804 2903 0.0,1.0
2804 2904 0.0,1.0
2804 2905 0.0,1.0
2804 2906 0.0,1.0
2804 2907 0.0,1.0
2804 2908 0.0,1.0
2804 2909 0.0,1.0
2910 2911 0.0,1.0
2910 2912 0.0,1.0
2910 2913 0.0,1.0
2910 2914 0.0,1.0
2910 2915 0.0,1.0
2910 2916 0.0,1.0
2910 2917 0.0,1.0
2910 2918 0.0,1.0
2910 2919 0.0,1.0
2920 2921 0.0,1.0
2920 2922 0.0,1.0
2923 2924 0.0,1.0
2923 2925 0.0,1.0
2923 2926 0.0,1.0
2923 2927 0.0,1.0
2923 2928 0.0,1.0
2923 2929 0.0,1.0
2923 2930 0.0,1.0
2931 2932 0.0,1.0
2931 2933 0.0,1.0
2931 2934 0.0,1.0
2931 2935 0.0,1.0
2931 2936 0.0,1.0
2931 2937 0.0,1.0
2931 2938 0.0,1.0
2931 2939 0.0,1.0
2931 2940 0.0,1.0
2931 2941 0.0,1.0
2931 2942 0.0,1.0
2931 2943 0.0,1.0
2931 2944 0.0,1.0
2931 2945 0.0,1.0
2931 2946 0.0,1.0
2931 2947 0.0,1.0
2931 2948 0.0,1.0
2931 2949 0.0,1.0
2931 2950 0.0,1.0
2931 2951 0.0,1.0
2931 2952 0.0,1.0
2931 2953 0.0,1.0
2931 2954 0.0,1.0
2931 2955 0.0,1.0
2931 2956 0.0,1.0
2931 2957 0.0,1.0
2931 2958 0.0,1.0
2931 2959 0.0,1.0
2931 2960 0.0,1.0
2931 2961 0.0,1.0
2931 2962 0.0,1.0
2931 2963 0.0,1.0
2931 2964 0.0,1.0
2931 2965 0.0,1.0
2931 2966 0.0,1.0
2931 2967 0.0,1.0
2931 2968 0.0,1.0
2931 2969 0.0,1.0
2931 2970 0.0,1.0
2931 2971 0.0,1.0
2972 2973 0.0,1.0
2972 2974 0.0,1.0
2972 2975 0.0,1.0
2972 2976 0.0,1.0
2977 2978 0.0,1.0
2977 2979 0.0,1.0
2977 2980 0.0,1.0
2977 2981 0.0,1.0
2982 2983 0.0,1.0
2982 2984 0.0,1.0
2982 2985 0.0,1.0
2982 2986 0.0,1.0
2982 2987 0.0,1.0
2982 232 0.0,1.0
2982 2988 0.0,1.0
2982 2989 0.0,1.0
2982 2990 0.0,1.0
2982 2991 0.0,1.0
2982 2992 0.0,1.0
2982 2993 0.0,1.0
2982 2994 0.0,1.0
2982 2995 0.0,1.0
2982 2996 0.0,1.0
2982 2997 0.0,1.0
2982 2998 0.0,1.0
2982 2999 0.0,1.0
2982 3000 0.0,1.0
2982 3001 0.0,1.0
2982 3002 0.0,1.0
2982 3003 0.0,1.0
2982 3004 0.0,1.0
2982 3005 0.0,1.0
2982 3006 0.0,1.0
2982 3007 0.0,1.0
2982 3008 0.0,1.0
2982 3009 0.0,1.0
2982 3010 0.0,1.0
2982 3011 0.0,1.0
2982 3012 0.0,1.0
2982 3013 0.0,1.0
2982 3014 0.0,1.0
2982 3015 0.0,1.0
2982 3016 0.0,1.0
2982 3017 0.0,1.0
2982 3018 0.0,1.0
2982 3019 0.0,1.0
2982 3020 0.0,1.0
2982 3021 0.0,1.0
2982 3022 0.0,1.0
2982 3023 0.0,1.0
2982 3024 0.0,1.0
3025 3026 0.0,1.0
3025 3027 0.0,1.0
3025 3028 0.0,1.0
3025 3029 0.0,1.0
3025 3030 0.0,1.0
3025 3031 0.0,1.0
3025 3032 0.0,1.0
3025 3033 0.0,1.0
3025 3034 0.0,1.0
3025 3035 0.0,1.0
3025 3036 0.0,1.0
3025 3037 0.0,1.0
3025 3038 0.0,1.0
3025 3039 0.0,1.0
3025 3040 0.0,1.0
3025 3041 0.0,1.0
3025 3042 0.0,1.0
3025 3043 0.0,1.0
3025 3044 0.0,1.0
3025 3045 0.0,1.0
3025 3046 0.0,1.0
3025 3047 0.0,1.0
3025 3048 0.0,1.0
3025 3049 0.0,1.0
3025 3050 0.0,1.0
3025 3051 0.0,1.0
3025 3052 0.0,1.0
3025 3053 0.0,1.0
3025 3054 0.0,1.0
3025 3055 0.0,1.0
3025 3056 0.0,1.0
3025 3057 0.0,1.0
3025 3058 0.0,1.0
3025 3059 0.0,1.0
3025 3060 0.0,1.0
3025 3061 0.0,1.0
3025 3062 0.0,1.0
3025 3063 0.0,1.0
3025 3064 0.0,1.0
3025 3065 0.0,1.0
3025 3066 0.0,1.0
3025 3067 0.0,1.0
3025 3068 0.0,1.0
3025 3069 0.0,1.0
3025 3070 0.0,1.0
3025 3071 0.0,1.0
3025 3072 0.0,1.0
3025 3073 0.0,1.0
3025 3074 0.0,1.0
3025 3075 0.0,1.0
3025 3076 0.0,1.0
3025 3077 0.0,1.0
3025 3078 0.0,1.0
3025 3079 0.0,1.0
3025 3080 0.0,1.0
3025 3081 0.0,1.0
3025 3082 0.0,1.0
3025 3083 0.0,1.0
3025 3084 0.0,1.0
3025 3085 0.0,1.0
3025 3086 0.0,1.0
3025 3087 0.0,1.0
3025 3088 0.0,1.0
3025 3089 0.0,1.0
3025 3090 0.0,1.0
3025 3091 0.0,1.0
3025 3092 0.0,1.0
3025 3093 0.0,1.0
3025 3094 0.0,1.0
3025 3095 0.0,1.0
3025 3096 0.0,1.0
3025 3097 0.0,1.0
3025 3098 0.0,1.0
3025 3099 0.0,1.0
3025 3100 0.0,1.0
3025 3101 0.0,1.0
3025 3102 0.0,1.0
3025 3103 0.0,1.0
3025 3104 0.0,1.0
3105 3106 0.0,1.0
3105 3107 0.0,1.0
3105 3108 0.0,1.0
3105 3109 0.0,1.0
3105 3110 0.0,1.0
3105 3111 0.0,1.0
3105 3112 0.0,1.0
3105 3113 0.0,1.0
3105 3114 0.0,1.0
3105 3115 0.0,1.0
3105 3116 0.0,1.0
3105 3117 0.0,1.0
3105 3118 0.0,1.0
3105 3119 0.0,1.0
3105 3120 0.0,1.0
3105 3121 0.0,1.0
3122 3123 0.0,1.0
3124 3125 0.0,1.0
3124 3126 0.0,1.0
