id,label0,label1
0,0.0,1.0
60,0.0,1.0
78,0.0,1.0
84,0.0,1.0
100,0.0,1.0
129,0.0,1.0
141,0.0,1.0
143,0.0,1.0
145,0.0,1.0
155,0.0,1.0
162,0.0,1.0
164,0.0,1.0
195,0.0,1.0
197,0.0,1.0
227,0.0,1.0
259,0.0,1.0
269,0.0,1.0
280,0.0,1.0
290,0.0,1.0
349,0.0,1.0
353,0.0,1.0
358,0.0,1.0
360,0.0,1.0
363,0.0,1.0
368,0.0,1.0
371,0.0,1.0
423,0.0,1.0
486,0.0,1.0
533,0.3333333333333333,0.6666666666666667
619,0.0,1.0
624,0.0,1.0
637,0.0,1.0
645,0.0,1.0
704,0.0,1.0
741,0.0,1.0
754,0.0,1.0
767,0.0,1.0
782,0.0,1.0
813,0.0,1.0
815,0.0,1.0
824,0.0,1.0
826,0.0,1.0
845,0.0,1.0
849,0.0,1.0
853,0.0,1.0
855,0.0,1.0
868,0.0,1.0
890,0.0,1.0
892,0.0,1.0
920,0.0,1.0
925,0.0,1.0
928,0.0,1.0
944,0.0,1.0
1043,0.0,1.0
1045,0.0,1.0
1047,0.0,1.0
1050,0.0,1.0
1073,0.0,1.0
1234,0.0,1.0
1236,0.0,1.0
1242,0.0,1.0
1253,0.0,1.0
1274,0.0,1.0
1292,0.0,1.0
1295,0.0,1.0
1303,0.0,1.0
1310,0.0,1.0
1407,0.0,1.0
1421,0.0,1.0
1445,0.0,1.0
1489,0.0,1.0
1499,0.0,1.0
1526,0.0,1.0
1537,0.0,1.0
1540,0.0,1.0
1542,0.0,1.0
1545,0.0,1.0
1584,0.0,1.0
1586,0.0,1.0
1642,0.0,1.0
1699,0.0,1.0
1702,0.0,1.0
1755,0.0,1.0
1761,0.0,1.0
1778,0.0,1.0
1784,0.0,1.0
1809,0.0,1.0
1811,0.0,1.0
1826,0.0,1.0
1857,0.0,1.0
1918,0.0,1.0
1935,0.0,1.0
1950,0.0,1.0
1955,0.0,1.0
1976,0.0,1.0
1979,0.0,1.0
1988,0.0,1.0
1994,0.0,1.0
1997,0.0,1.0
2004,0.0,1.0
2072,0.0,1.0
2094,0.0,1.0
2235,0.0,1.0
2237,0.0,1.0
2248,0.0,1.0
2253,0.0,1.0
2258,0.0,1.0
2261,0.0,1.0
2263,1.0,0.0
2276,0.0,1.0
2288,0.0,1.0
2326,0.0,1.0
2540,0.0,1.0
2550,0.0,1.0
2679,0.0,1.0
2694,0.0,1.0
2700,0.0,1.0
165,0.0,1.0
2758,0.0,1.0
2804,0.0,1.0
2910,0.0,1.0
2920,0.0,1.0
2923,0.0,1.0
2931,0.0,1.0
2972,0.0,1.0
2977,0.0,1.0
2982,0.0,1.0
3025,0.0,1.0
3105,0.0,1.0
3122,0.0,1.0
3124,0.0,1.0
