8193
16385
16386
16392
40970
32780
13
8205
32782
16401
16402
32785
8212
22
8215
24
25
26
8217
24600
49175
49178
8223
40991
40993
49184
57380
24613
32807
57386
24619
44
32812
47
16432
49
16433
16435
32817
41009
55
8249
16441
41020
32832
41024
8258
41025
49217
24645
70
8263
8264
49225
32844
32845
78
41038
57425
41044
16469
24661
41047
16476
49246
49247
97
24675
8292
24679
32872
49256
24682
16491
24684
16493
41066
8303
8304
41072
49257
57458
49268
32885
32888
122
24698
32890
24701
49275
32896
131
57475
32902
41096
8329
24713
57480
41103
16528
8337
146
24722
24724
24725
8342
151
152
41109
41113
16539
32923
49301
16551
41137
49333
182
184
32953
186
24763
41149
8382
191
16576
32962
8389
206
207
16594
57556
32981
8406
16599
41173
57561
24801
16612
41189
24806
49384
16617
41194
57577
8429
240
24817
16626
24818
244
24821
8438
247
8439
33011
33015
41207
41211
8449
258
33027
24837
263
8455
8457
24841
24844
8462
16655
16657
33041
8467
8469
49430
41240
24858
24859
16668
57629
41246
287
57632
24867
24869
49454
303
57646
57649
16691
308
309
16693
33076
33081
57659
41278
16705
16706
24898
24899
41285
33094
16711
8520
8521
33098
331
16715
41292
49478
49480
24913
339
16723
33114
347
8539
49498
350
49503
8547
16740
24932
57702
49512
33129
33130
8556
16748
8558
33133
49517
33138
8565
8567
16761
16762
57723
24956
8574
49537
387
388
33155
57734
8588
24975
16784
41360
8594
57743
41364
41368
33179
8604
24991
8608
33195
57772
16813
25008
25010
49586
16821
57782
41400
33209
41402
25019
33212
449
33220
25029
8646
33222
456
57800
8650
8656
8658
467
33235
469
25045
41426
41432
49623
8668
477
8669
49633
53827
16867
8676
8678
16871
8680
41449
16874
25066
8684
493
33259
49638
49646
49647
57835
8691
16892
41468
25086
519
33287
25097
16907
25100
33297
16917
25111
25113
33306
8732
25117
41500
49693
545
8738
8739
25125
49703
16936
41516
49709
16942
561
33336
49720
571
41533
49726
575
576
16961
33345
57917
580
41540
57923
41543
41544
8777
16969
25162
57925
57935
25170
595
57942
57943
8795
41563
16989
25181
25186
33378
612
33380
8806
41571
57954
8809
619
8812
25197
25199
17008
25200
57971
17012
25205
33398
41590
25208
25209
8826
41591
49781
49786
642
33414
25223
41609
41611
17038
655
41621
58005
41623
33432
58006
58010
669
17053
17054
17058
25250
25256
684
685
8876
33454
58028
33457
690
49841
49843
693
33463
17080
41658
699
8892
41660
8894
703
33472
49856
708
17092
33476
33478
49863
8905
33485
17102
8911
17104
41680
58066
33491
25301
33496
25308
25310
33502
8932
33510
8935
746
8940
17134
751
17136
17138
8948
58100
759
17144
58107
766
25343
49918
8961
49922
17155
772
773
25349
8967
17160
25352
33543
41739
49931
8973
785
25365
25368
17177
49946
58139
799
25376
33569
49953
49955
58146
8997
41766
58154
811
25390
25392
49969
25394
49972
58167
49976
828
33600
17217
17219
49987
9029
49988
847
25424
58194
856
17241
25433
25434
33626
50009
17251
17252
41831
33640
50026
41835
9073
17269
889
58233
17275
893
41853
41854
50048
897
17281
17283
25473
25474
58238
58245
58247
17289
9098
33674
58249
909
910
911
17296
58255
9106
33683
25495
17304
923
926
9118
33696
929
25508
25509
41894
41895
9130
9132
50096
50097
50098
50099
58290
17335
17336
954
33724
33727
50111
9153
962
17347
33732
17350
9159
968
33734
41926
41931
972
58317
41934
58322
17363
33748
981
25558
983
41944
50135
58329
17372
9181
33758
50148
9189
9190
9191
25576
33766
1002
33770
41958
50150
50158
25585
58353
41971
33780
17397
9210
33786
9212
9213
50171
1024
41986
1027
9221
9222
50181
50182
17417
17418
33802
1036
1037
9229
9230
33808
41995
17431
17432
33815
9242
50201
17436
58393
33822
58824
25632
33825
9250
9251
9252
17442
58401
25642
1069
42034
25652
33846
50230
9272
50232
9274
9276
42044
58428
17472
25665
17476
58441
25674
25675
50253
17488
50257
17494
42070
50264
42073
33883
50267
58460
1118
25694
9313
33892
9317
17511
17517
50286
1135
1138
17522
25715
33906
33908
33909
42103
1145
42105
9339
58485
58486
50302
1151
25728
42111
58496
42116
58500
17543
1161
17545
33931
9356
1166
33934
1168
58511
33938
33941
42133
17559
17563
50333
50334
58526
42145
33957
58540
1197
9389
33966
42162
9395
58546
1205
9397
42167
1210
1211
42172
42173
50371
17604
17605
25796
25797
33988
9417
25801
1230
25806
42190
50386
25814
58584
9435
17627
17628
9444
17637
9446
9449
34027
34031
42223
50417
58615
17657
1274
17659
34044
50428
9470
1279
9472
25857
17666
50430
50434
17669
9478
17672
1291
50443
34063
58641
58642
1303
17687
17688
25880
34075
17692
58649
58652
25892
42281
34092
25903
1328
1329
34099
34101
9528
1337
42298
25920
58690
34115
34116
1349
58691
9543
1354
9546
34125
34128
1362
17746
42322
9558
9560
1369
58712
17757
25950
34146
17763
1381
25958
42343
17770
17772
25969
1395
9587
34165
34166
58739
1400
50553
58740
34171
9603
42371
50572
9614
34191
34192
26001
50574
50576
58767
50581
50582
1431
17815
26008
58777
9627
58778
17821
42399
58785
9635
17828
34212
50595
42410
58798
17839
58799
42418
34230
26043
9663
58816
9667
42437
34246
1480
17864
1482
9675
9676
1485
26056
1487
1488
26063
26064
34252
50637
17877
26069
1495
49144
50645
58839
1500
1501
17889
26082
34278
1514
17904
1522
50678
17911
9722
58875
50687
50694
17927
26119
50697
26123
9744
9745
42518
17946
34330
26140
42528
34337
50724
50725
1575
58919
9769
58920
17965
26157
34354
50738
58931
50745
1594
26171
34362
34365
42554
42557
50748
50753
9796
42567
9800
1609
34378
42568
42569
42570
50765
26192
18001
26193
26194
18005
42586
1628
18015
50786
42598
42603
9837
9838
18032
9843
18036
9846
1656
18041
1658
59001
18044
1661
42623
42624
1668
18052
9863
59015
9865
59016
26253
34445
59025
1684
1685
1686
9876
18069
59031
1691
9884
1693
1696
42658
59046
18088
34472
50860
1710
9902
34484
1718
9911
1720
42681
18106
9915
50872
59065
59066
9922
18114
34498
9925
18117
9927
1736
1738
1741
9935
42707
1750
18137
42715
34524
1757
34525
59105
34531
50915
34533
42726
42727
9960
26344
26346
9963
34541
26352
18161
34546
42738
50932
42742
18167
18169
18172
26364
26367
50943
42753
34563
9988
9989
18180
9991
42759
50955
1806
9999
10000
1810
26386
34579
42772
59159
18202
34586
34588
42780
50971
10022
34600
18217
34601
10027
26412
1837
59187
10036
42806
26423
1848
10041
18232
26424
51000
34622
10047
18239
51011
1861
1862
10053
10054
18245
18248
34635
34636
42825
42828
51024
1873
1879
59226
26461
18271
51041
42852
10086
34662
59240
26474
18287
10096
51056
1906
18293
42870
10103
42872
59253
26491
10109
18302
51074
1924
51076
59268
42888
51081
26511
26512
1940
10133
34708
34710
1944
26520
18330
42903
51098
59289
26526
1951
34718
10145
10150
1960
1964
1965
42927
18353
26546
42932
26549
26550
34744
1977
34749
10176
1986
1987
59333
59334
26569
51145
51146
1997
10190
18383
34765
34768
51151
2005
26583
2008
10202
51162
2014
10209
10210
10211
34788
18405
2022
34791
42977
18409
2026
18411
26603
34793
34797
59371
10226
59379
26612
34806
10231
2039
34809
18431
34815
26625
34819
26629
26630
34825
51209
34834
43027
2068
59411
2071
2074
34842
43034
18462
26658
34853
43045
34855
10290
10294
2103
18488
34872
43065
26683
10300
59447
43070
59449
26690
59459
2117
2118
10311
18502
10313
43080
26700
10317
26701
51277
51280
2129
59471
34899
51287
2139
2140
34907
34910
43099
10336
43103
10342
51303
43112
2158
34934
51318
2168
51320
2170
26750
2176
26753
43138
2180
2181
34948
51333
26761
10378
18572
10381
2190
2191
10384
18573
10386
51341
43156
51342
59534
59544
59545
43163
18590
34976
10404
10405
10406
51367
51368
34985
59559
59563
18605
26797
18607
59565
59567
2228
51381
18616
26808
2235
10428
26813
35005
35006
43195
43200
2242
26818
10436
59590
26824
10441
2250
43209
51403
18640
18641
26832
26834
43218
59602
2262
18646
18647
2265
10457
18652
18653
59612
26850
18659
43236
2277
43237
59628
18669
10480
43248
26866
26870
59638
43262
10495
18687
26886
51465
18699
10508
26891
26895
18705
26897
43281
51473
59667
10522
35098
43291
2338
51491
51493
43302
59685
35113
2346
10539
59696
26930
2356
51509
43319
43320
35129
35130
51512
2364
2365
26942
51514
59711
59713
10563
26952
35144
2378
35146
59724
51535
2385
10578
51539
2389
43350
43351
43353
59747
10596
26981
51559
2410
2411
59754
10608
51569
59764
43387
2432
27008
51584
2435
35209
27018
2443
18827
51596
51597
27027
35219
10646
18839
43416
43417
2458
10650
18846
10655
35232
51614
35235
2469
10662
18854
35240
10667
35243
43438
10671
2480
35248
10674
2485
27062
18871
27064
2489
10681
43446
43448
43455
35264
10690
27074
10692
27080
10697
43464
27085
59857
18900
43476
10710
43479
2525
27101
35295
18912
35297
43485
51677
51684
57491
59876
2536
10730
2540
10734
10736
51699
2548
18933
59895
2553
10749
18942
51711
35328
2561
2562
10754
35331
2567
10760
10761
18951
18953
18956
27143
51726
51727
27157
51735
2586
43547
35357
43550
2592
2594
27173
2598
59944
35371
51757
27184
10802
43571
10805
59958
27191
51771
19004
43588
2629
27206
43589
43590
51785
2635
27211
19021
27212
27214
35407
43605
51798
2647
35415
51804
10854
10859
2668
19053
43627
60015
19056
2676
43637
35446
51831
51835
27262
51838
35457
60035
35462
51847
19081
27274
19085
35469
35470
51855
60045
27285
43670
27287
2712
35480
19100
51868
35486
19105
60065
19107
35491
51877
27302
60067
2729
27305
51883
43692
43693
27313
60081
10931
43700
19126
27323
51900
35518
35520
43712
60096
2755
2756
35523
35525
2759
10951
60103
35533
27342
51918
35537
43730
10964
19156
19157
43734
43738
10971
27366
51945
43754
10987
51947
35568
27377
35570
11000
60154
19195
11005
19199
2820
11013
2822
19205
27397
2825
11017
43783
2828
19213
35596
2831
51977
60169
43795
27413
27414
27415
43801
11035
35611
19229
35614
27427
35621
35623
27433
43817
2859
43819
2861
27437
35631
11056
60207
43828
43829
11064
43832
19260
11069
11070
19263
35646
11073
43836
52034
43845
2886
35656
2889
11082
2892
27470
19279
19282
11092
19284
43860
52053
2906
11100
2909
2910
11101
11102
11104
35678
35680
11108
35685
2918
43875
52070
2922
11119
43889
11126
60279
19320
52091
11138
27522
43909
35718
35719
11146
35727
27536
19345
35729
43924
11158
19351
11163
11165
2976
43936
27554
43939
60325
19367
2986
60332
60336
27569
2994
35762
2996
19380
19381
19382
27576
43953
43955
52155
11198
11201
52161
35779
27591
3022
11215
35791
27602
52179
27605
27606
3031
19416
35799
35800
35802
43991
27613
19423
27617
3047
60394
35819
60395
35822
27631
35827
27636
3061
19451
44028
3070
27652
3077
44038
11271
19464
60425
44042
35851
27661
11278
11280
19473
3090
11282
19474
11285
35856
3095
44056
35865
11290
11291
35868
60438
60442
11295
11296
19488
52255
44067
3108
52258
44071
3112
11304
27691
60460
52269
11310
60462
35888
60464
19506
11315
52274
35893
35894
60471
11321
35899
27708
11327
19519
19521
35904
52291
44100
60484
27720
27721
44108
11350
35926
35927
11353
52311
27739
3164
11357
44123
3167
11359
3169
27744
60511
35941
27752
44137
19562
27758
44142
60529
44146
27763
35957
35960
19577
27772
3197
11390
35964
52350
3201
19586
27778
3206
27783
52363
11404
11405
3214
27789
11408
3217
19600
27792
3220
11412
19605
35982
52370
3231
19616
27808
19618
11427
11428
36001
36005
52390
44202
3243
3244
60586
27823
44209
36018
36019
3252
11453
27837
52417
11458
36035
11461
52426
60619
52428
60621
44241
3284
11476
11479
27864
44249
27866
52443
3295
3296
36063
3298
36066
60640
44261
27879
27880
52457
11502
3314
36083
19701
36086
3322
11514
19706
27898
27901
3327
19711
3329
36091
44289
27908
11529
27913
52489
36108
60681
52496
3347
11540
44308
44309
44311
19742
36127
36129
11555
36133
3366
3368
3369
19752
11563
19755
11565
27945
19759
44330
27956
60725
3385
44345
3387
3388
3389
36158
19776
52547
3396
19780
19781
27975
3400
52548
52550
52553
19788
11597
19789
27983
60753
11603
44372
3414
36182
11608
27993
19802
11611
36186
52567
27998
11623
28009
11628
11629
3441
19825
44403
19828
52597
11642
52603
44412
60799
11651
11657
36233
44426
19856
11665
44432
11667
19859
36243
52630
11674
28060
52640
36260
3493
19877
28070
36264
36265
36266
52645
3500
19886
44462
19888
60849
11700
44469
36278
28089
11709
60861
28098
60868
11719
19911
19914
52682
36303
36305
3538
19922
19923
28114
36308
19927
36309
44501
44502
11739
28123
19933
11742
28125
28126
36316
3556
52709
19942
3559
3560
3562
3563
52716
11759
28147
44537
44544
28164
60933
36358
19976
60936
3594
28170
36362
28173
28176
28180
28181
60948
19995
36380
60955
44574
60957
3616
11808
36386
20003
44580
3623
36391
36393
3626
36394
60968
11823
11824
3633
28208
28210
44593
28217
36409
3644
20028
36414
60990
60994
28227
44612
52804
60997
44615
20040
44624
44625
28242
52817
3668
11860
20052
61008
28249
36441
36443
28252
52826
61020
20063
61026
11875
36451
36454
36458
36459
20076
52843
3695
28274
28276
20085
36471
52856
28281
44669
3710
11903
52863
28291
20100
36483
52869
52871
36488
3721
3722
36491
20109
36494
28304
52882
61076
52885
52886
11927
20119
61077
52891
11933
36510
20128
20129
36513
20132
3753
44718
20144
3763
28340
28341
52917
36538
36539
3773
11970
3780
44744
11980
20172
20173
36557
11985
28370
11990
28381
36574
28385
44772
44774
20200
28393
12010
36586
28396
28398
36593
28402
36596
28406
3831
3832
28408
36601
12027
12028
3837
20220
28414
20224
36604
36606
3843
28419
36608
44800
52990
28425
3850
20235
12044
28427
20238
28429
36621
20241
36625
12051
28437
44821
61205
12058
20251
20253
44830
3872
12064
44835
61219
3883
44847
3889
3890
3894
3895
44856
20281
28473
53048
61240
3901
36670
44863
61244
61245
61247
3907
36675
12108
44877
36687
12112
44879
3922
3929
12122
12123
20313
20317
53083
12127
3937
53090
28521
3947
36716
3952
44912
44913
44914
61297
3957
12150
3961
28537
3963
20347
53115
3966
44926
3975
20361
28553
12171
44944
61331
12180
53140
44952
3994
20378
36763
53147
53149
53152
53155
36772
36773
44964
53161
4010
28590
4015
44978
12211
53170
4025
20409
4027
28604
44986
53180
20416
36800
12227
36803
61382
20424
36810
12236
28621
4048
61393
45010
20439
12250
4059
20444
36826
4062
4063
20446
20449
36834
45019
61409
53222
28650
36845
36849
53234
12278
20473
4090
53242
4093
20477
20479
4098
4099
45064
20489
28683
4111
4115
20499
36889
12315
12316
61468
12318
61472
36900
20518
12327
4136
36904
28714
4140
4141
4142
4150
61498
45116
4157
12352
20547
45123
61507
20550
36940
4175
36944
61521
4180
20564
45141
61527
12376
4185
12377
61533
4190
20574
4192
12384
4194
12385
20579
28768
44795
45152
45158
4202
28778
45163
53356
12398
4208
53362
20595
45171
20597
61557
12407
45175
45185
28803
36999
4235
20621
37007
37008
12433
4242
12435
20625
28819
45201
61583
12440
20632
12442
57832
28828
45217
37026
45221
28838
37031
53417
53421
37040
37041
53426
4275
20659
20662
4282
61627
45245
12478
12482
53443
45252
28871
4298
20686
4306
12498
28883
4309
37081
4314
20699
12511
61665
28899
28903
4329
12524
45294
45297
12530
4339
20723
28918
37110
37116
12541
20735
20737
28931
28935
28936
37127
45321
12555
53515
53517
12559
28945
12562
20755
28951
20764
45340
45341
12575
37152
45342
12581
45352
20779
45355
37166
20786
4404
12598
37176
53565
4416
12615
53575
12617
12618
29001
37195
61773
37198
20816
29008
4437
4438
12631
20823
20824
29015
29016
29019
52985
4446
29022
45409
61794
52988
12647
20839
4457
20841
53608
29036
20847
37231
29041
45423
4467
53618
29045
4470
45431
37240
45432
45433
53625
45437
12673
20866
12675
20870
20871
29063
53641
37259
4493
53645
61841
29074
4502
37273
20892
37277
53660
45472
12713
37289
37290
29100
53674
4527
29108
37300
29111
12729
4539
4541
53694
29119
29120
37311
29124
12744
20939
12749
20943
37327
20946
20948
53716
29144
20953
53724
4573
45534
12767
37346
29159
4584
37351
4586
12778
4588
29162
4590
20976
37360
4594
45552
45554
37365
29177
20986
4604
37374
53758
12803
4612
20996
37380
45576
45577
21002
4619
4620
12813
29196
61969
29203
37395
45588
45589
53783
12824
12826
4637
29216
12833
53793
61986
29221
4646
53801
12843
29232
53811
29237
21047
37432
45623
29242
29244
37437
45630
29248
29249
21058
29250
4676
12869
29253
37441
4680
4681
45641
12875
37451
45646
45648
4696
4700
12892
4702
29276
29279
4705
12898
37468
37470
37471
37478
37479
45667
62054
53867
37487
37489
62065
12915
4725
12917
53877
45693
29310
4735
62078
12932
37510
12938
4748
12941
21134
45711
12944
21139
21140
45715
29334
29336
12957
12958
45725
12962
21155
21157
45734
21166
29358
53935
29361
12980
37556
4792
12985
45752
45755
53947
21181
29373
37565
4800
21184
29376
45759
12998
62152
37577
13002
4811
13003
53963
53969
4818
53971
13013
53973
13019
62172
4830
45790
13024
13026
4838
13031
29414
53992
37616
45810
54002
4859
29436
21245
54013
54016
45827
13063
29447
29448
54023
54031
4880
54033
21271
37659
37660
54044
4895
54047
13089
29474
4902
13097
13098
54059
29485
13102
54062
45874
54071
29496
29498
21308
13118
13119
21311
4930
62278
21319
29514
21325
13134
13136
37712
45904
54096
54097
21334
62295
45912
29529
13146
13147
4956
29533
57972
45923
13156
4965
45925
21352
29545
13162
21355
21356
21357
37743
54127
13169
21363
13174
45947
54143
45952
13185
54145
54146
54150
29576
54152
45963
62347
13200
29584
13205
5014
21397
21401
5020
5023
13215
29599
45990
13224
54189
21423
5042
21426
37811
54195
37814
13239
46006
54203
37821
62398
13251
13252
62405
62406
62407
13257
21450
29641
21452
37835
5070
46026
5072
21457
21458
5075
37842
54220
62418
62421
5081
54234
46045
21470
21472
13286
46056
37869
21487
46065
5109
5110
46070
46076
54272
5121
37890
37896
37897
5130
13322
5132
46090
5136
21523
29720
37912
54297
5149
5150
5151
13341
21536
5154
37921
62494
5158
46118
21544
29736
13357
5166
37935
54317
62512
29747
54328
13369
5179
46143
46146
37955
37956
62533
5192
37961
37962
54347
46157
37966
29776
37969
29783
29790
13410
46181
21609
21611
29805
29807
21616
29810
38003
5236
46195
46198
5245
13438
54397
5248
5249
38018
38019
13444
13447
21639
21641
38026
13454
21646
38034
5267
46228
5269
21654
13463
21656
5273
54421
38046
46239
21668
54436
38055
46249
13485
5296
21689
21690
54459
13506
54469
54470
54473
5322
46290
13523
5335
13528
46299
38115
5351
13550
46319
54510
21745
54512
21748
29940
29941
29944
54520
54523
46337
46338
46343
46345
13579
5391
21776
54547
13589
46363
5405
5406
21789
29986
13604
29989
13606
13610
21803
29997
21807
5424
54575
21810
5427
46389
30012
46396
46397
54593
13638
13642
5451
13645
13648
5457
30033
30034
54608
30037
54613
38231
21848
30043
30044
5469
21855
38242
46434
46435
30054
30058
13677
30062
5488
13682
13683
21876
13685
38260
5495
46451
54646
30074
54647
5503
5504
13700
54664
38282
46474
13708
46475
38289
21906
21907
13718
38294
13721
5533
30110
30112
46496
13730
5542
21930
13740
38319
38320
38325
5562
54715
5565
21958
21959
13768
54729
46538
5581
21971
30163
54743
30171
46556
30173
21986
38370
38371
54759
54761
21994
30192
38389
30199
13816
54775
13818
38395
13821
5631
30208
46592
46593
13827
46601
54793
5643
38411
5645
30222
38416
38419
5652
46613
46616
22041
38427
46620
54814
5663
22048
30247
5673
58116
54830
13871
22072
5696
22080
22081
54856
38473
5706
54861
30286
54871
38489
22117
13929
38508
54894
46704
38517
46714
38524
46718
54910
13955
22147
46728
54920
30346
5774
46734
22166
30358
46747
22172
54939
38565
30383
14002
46770
38580
30392
54969
38586
46780
14015
38592
54977
54979
14020
22214
38598
5832
46793
5835
14028
30411
38604
38606
54995
14036
54996
38618
55006
5859
14053
14054
22246
38629
14057
30441
14059
30443
38635
46821
38644
46837
30454
22264
46840
22266
38650
14076
5885
22268
5887
22270
14082
5892
14084
5894
38662
55051
5902
55054
46865
22293
22294
30486
38683
5916
30492
55070
5920
55072
5927
30503
5929
46888
46889
14124
22316
22317
22319
46893
46894
46897
5939
46901
22328
38718
14143
38720
55105
30534
5962
22346
30540
14159
55122
46932
30549
46934
5975
38746
14176
30563
38755
46948
46949
30576
55156
38773
6006
38774
46970
38780
30590
14207
46974
30594
6022
46987
46990
14226
22419
30612
38811
14237
30621
22431
6054
30631
47014
14250
47020
55217
14260
55224
38842
6076
30652
30656
6081
22471
6091
6093
22484
55253
55255
22489
14298
22490
22491
47066
22494
55271
30699
47087
14322
14323
22514
47097
38906
6140
38908
38911
22529
38922
6159
30736
6161
22547
30741
38934
14360
38936
38938
30747
6173
6177
38946
30755
38947
6181
14373
55332
38952
55336
14378
38955
6196
22581
38964
55354
22588
6205
47165
6207
55364
47173
55368
30794
55370
6221
55373
38991
55374
14417
47185
55383
53342
22620
30818
6244
30820
47207
47209
47210
39024
30833
6258
47219
39028
14453
30837
47221
30840
14457
14458
55412
22652
55413
55414
6274
14466
47238
6279
30856
6281
30857
6283
14476
39048
39051
55439
39058
39060
47253
39063
6298
55450
30876
22685
22691
55462
6313
39081
6315
39084
39094
39098
39102
39104
6341
6343
55495
47306
14539
22731
39117
22735
39120
55508
14549
47317
14551
22743
22744
47321
30939
14556
22752
6369
30944
6376
22764
55532
6387
6388
39157
6391
39163
30973
47361
14597
22791
30988
22797
22798
14608
6417
14612
22807
22808
6426
14621
31005
39200
47392
6435
6436
55590
22829
31021
6447
22832
14641
6454
31030
6456
6462
55615
6464
55617
55618
6471
22856
31050
47435
6477
31055
39248
14673
14676
22870
39256
31067
22877
22880
14689
31075
22884
47463
39272
6506
31083
39279
39280
14710
39287
22905
39289
14715
14716
6525
14718
14719
39291
39299
31111
31112
39303
14735
6546
22936
14750
14751
31135
55714
39334
55721
31147
6572
39339
14766
6575
22960
14769
22962
6579
47533
39349
31159
6586
14779
6589
14781
47551
55745
14786
47555
6596
31172
39364
31176
39368
6602
31180
39373
31182
22993
31186
6611
39380
47570
55761
23000
55768
6619
31197
14817
23012
39398
6631
6633
47594
23020
14830
31218
31220
6645
47604
39415
14840
47605
47608
55800
23036
6653
55801
14852
55813
31240
23050
23052
14861
14866
23061
6678
31253
39446
6681
23066
39449
55835
6686
23071
23074
6691
6693
55846
39464
23082
23084
6701
39471
6704
31280
39474
14899
39475
39476
39478
47671
6712
39481
6720
55874
6723
55877
6728
14921
23113
31307
23116
23119
31311
31313
23122
31316
14942
31332
31333
39525
55908
39528
6761
55911
31339
14959
23162
6780
23165
23166
39549
47740
23169
55080
55932
6791
6792
6796
14991
23184
14993
23190
15000
23192
39582
6815
23199
23200
47777
6819
15015
47783
6825
15019
31404
6833
15025
55989
23222
55991
55992
31418
6845
55999
6851
39620
31429
47812
56004
23240
56005
15054
23246
31444
6870
23256
6874
31451
6879
6880
31456
31459
31461
15078
56038
23276
39662
31471
15091
39670
23288
15102
31486
15109
31493
15111
56071
6923
15116
23307
23308
23311
31502
15124
15129
31515
23324
15136
15137
47905
15142
31532
23341
47920
47926
56118
31550
6975
39742
6977
56132
47946
47949
56144
15187
31572
56149
23383
23387
56156
15198
15200
31584
15203
31589
39781
39783
15211
39791
15217
7026
47987
56178
23413
23415
23418
15227
31611
31614
47999
31619
23428
23430
7051
39819
56204
15246
23438
31630
48015
15252
15256
7067
15259
23456
31654
23463
23464
15280
39856
7090
15283
15286
48065
31683
48067
56260
31688
7115
39885
39887
7122
39893
7130
39900
39901
7138
31722
15339
23532
31730
56308
7159
15353
15359
56319
56321
48130
7173
48134
15367
48135
56328
15373
31758
15375
7186
31765
23577
39965
39967
7200
15392
23585
31777
56353
39974
31784
56365
15406
15408
39986
15413
39990
15415
56373
48186
56378
48191
23618
56387
31812
40005
15433
15437
15438
23630
7250
23634
7252
15444
23637
40020
40021
31840
15457
23649
40034
31844
40037
7270
23655
31848
7273
40039
48226
40044
23661
40046
23663
48240
31858
31859
7284
23669
15478
23671
31861
48245
23674
48248
31868
23677
31870
40063
31872
23682
15494
40072
31883
31884
48268
15504
31888
40080
7316
31892
31893
7319
7320
15511
48276
31903
7329
7330
15523
23723
56495
31921
23730
48305
7348
23732
7350
56501
40121
15546
48313
7360
15553
31941
7368
7370
23761
15570
15571
23763
48340
40151
7384
23768
48345
56536
56544
23777
7396
7402
48364
7405
15597
48366
23792
56561
31987
7412
40185
31994
48379
40188
23805
48381
48387
7437
7440
48401
15634
40210
23829
56599
7449
48410
32027
56602
15650
32037
56624
15665
48435
23860
7482
56634
7486
40256
56644
15685
56646
56648
7498
40268
56654
15696
56657
7506
48468
48469
32086
48473
7514
7515
15708
56666
40287
32098
32099
23908
7527
15719
15721
23914
32106
32107
40299
56679
48495
23921
7538
15730
40305
48502
48505
32123
32125
32131
56707
32134
40327
15755
23948
32145
56721
32147
48532
56725
15766
23958
15771
7581
56735
7584
32161
40353
7587
7591
7596
56748
7598
15792
32177
23988
15802
48574
7615
24000
32193
56769
40387
32196
7623
40392
24010
40395
56779
24014
7631
32212
7638
56790
56796
24029
32221
7648
24033
40416
15844
24036
56806
24043
7660
32239
24048
32240
24050
7669
15863
56829
15874
7684
15877
32260
56841
32268
32271
32272
24082
32275
24092
15901
24096
15906
56873
7723
48685
24110
40494
7729
15921
32310
24119
32311
32312
40506
7739
48695
15934
48703
7747
7748
32324
7751
24137
7754
40523
32332
24141
48713
32335
32342
32344
32345
32346
56921
7778
15971
32358
56936
40553
7786
32363
24174
24175
40561
56946
7796
24189
7807
24194
16003
32388
7814
56968
40585
40587
7821
7822
7823
32398
48781
56973
32404
48790
56982
7836
7837
24220
7839
40604
40608
7847
16040
32424
48807
24235
57002
16050
24243
48819
57014
24247
32439
7868
57024
7873
32455
24264
40649
57031
32461
16078
32462
16084
7898
24282
48859
57051
24287
24288
32480
24290
7907
24294
7913
24297
57068
16112
24309
7927
24311
40696
40700
16125
40706
16133
16134
24326
7944
16137
32519
40709
16140
40717
32530
48916
7957
57111
48921
16156
16158
7968
32545
48929
16164
48933
32553
16172
48940
7983
24370
24374
16187
24382
40768
8002
57158
16199
24393
8010
32587
16205
40781
16207
8018
16212
8022
40795
8028
32605
24414
32607
48992
57183
8037
32615
48999
49002
16236
24429
16238
16239
40815
49009
57199
40820
49012
49014
57204
8056
32633
49021
8064
40834
40835
32644
8069
8072
8073
16267
32655
40848
57233
16275
40856
40857
24475
16284
16286
57247
16288
32673
49057
8103
32680
8105
24490
24493
8110
8112
40881
16306
8115
40883
57265
8121
49081
8128
24516
32708
16326
16327
24519
32712
32713
8139
40903
49092
32719
8144
16336
40911
57299
8149
40917
57302
24538
32734
57310
49120
16353
16354
24545
40932
32741
16358
24551
40933
49127
40940
32750
8175
49136
49137
8178
40946
40947
8184
40956
40957
57342
