src_id,dst_id
17,18
37,38
50,51
58,59
62,63
112,113
128,129
136,137
150,151
155,156
198,199
212,213
225,226
305,306
305,307
338,339
352,353
366,367
414,415
463,464
503,504
584,585
590,592
593,594
626,627
626,628
639,640
653,654
663,664
688,689
769,770
797,798
826,827
836,837
847,848
865,866
903,904
914,915
963,327
1048,1049
1052,1053
1081,1082
1085,1086
1108,1109
1112,1113
1112,1114
1135,1137
1200,1201
1206,1207
1208,1209
1210,1211
1240,1241
1325,1326
1385,1386
1399,1400
1484,1485
1596,1597
1638,1639
1665,1666
1677,1678
1713,1714
1733,1734
1753,1754
1755,1756
