id
1
3
5
7
9
10
12
14
16
20
21
23
25
27
28
30
32
34
36
40
41
42
44
46
48
49
53
55
57
61
65
67
69
71
73
75
77
79
81
83
85
87
89
91
92
93
94
95
97
99
101
103
104
105
107
109
111
115
117
119
121
122
123
127
130
132
133
135
139
141
143
145
147
149
152
154
158
160
162
164
165
166
168
170
172
174
176
177
179
181
183
185
187
189
191
193
195
197
201
202
203
207
209
211
214
216
218
220
222
224
228
230
232
236
237
239
240
242
244
246
248
249
250
251
253
254
258
260
262
263
265
267
269
271
273
275
277
278
279
281
283
286
287
288
290
292
294
296
298
300
302
304
309
311
312
314
315
317
319
320
322
324
325
329
331
333
335
337
341
343
345
347
349
351
355
357
359
361
363
365
369
374
375
377
379
381
385
387
388
390
392
394
396
398
400
402
404
405
407
409
411
413
416
418
419
421
423
425
427
428
430
432
434
436
438
440
442
444
446
448
449
450
452
453
455
457
458
459
461
462
466
467
469
471
473
474
475
477
479
481
483
485
489
491
495
496
498
500
502
505
507
509
511
512
513
514
516
517
519
521
522
523
525
527
529
531
532
534
536
538
540
542
544
546
547
549
551
553
555
557
559
560
562
563
564
565
567
568
570
571
573
575
577
579
580
581
587
589
591
596
597
599
601
603
605
607
609
611
613
614
616
617
621
623
625
630
631
633
635
637
638
642
644
646
648
650
652
658
660
662
665
667
668
669
671
672
673
675
677
679
681
683
685
687
690
691
693
695
697
699
700
701
702
704
708
710
712
714
716
718
720
721
723
725
727
729
730
732
734
735
737
739
741
742
744
746
748
750
752
753
755
757
758
760
762
764
766
768
772
774
776
778
780
782
784
786
788
790
792
794
796
799
801
803
805
806
808
809
811
812
814
816
818
820
822
824
825
829
830
832
833
835
839
841
842
843
845
846
850
852
854
856
858
860
862
864
868
870
872
874
876
878
880
882
884
886
888
890
892
894
895
897
899
900
902
906
908
910
912
913
916
917
919
920
922
923
925
927
928
934
936
938
940
942
944
946
947
949
951
954
956
958
960
962
965
967
969
971
973
975
976
978
980
982
983
985
987
989
991
992
994
996
998
1000
1002
1004
1006
1008
1010
1011
1012
1014
1015
1016
1018
1020
1022
1024
1026
1028
1030
1031
1033
1035
1037
1039
1041
1043
1044
1046
1047
1050
1051
1055
1057
1059
1060
1062
1063
1064
1066
1068
1070
1071
1073
1075
1077
1079
1080
1084
1088
1090
1092
1093
1095
1097
1101
1103
1105
1107
1111
1115
1117
1119
1121
1122
1124
1125
1126
1128
1130
1132
1134
1136
1139
1141
1143
1145
1147
1149
1150
1151
1153
1155
1157
1159
1160
1164
1167
1168
1170
1172
1173
1175
1176
1178
1180
1182
1184
1186
1188
1189
1191
1193
1197
1199
1203
1205
1213
1215
1217
1219
1221
1223
1225
1226
1227
1228
1230
1232
1234
1235
1237
1239
1243
1245
1248
1250
1252
1254
1256
1258
1259
1261
1263
1265
1267
1269
1271
1273
1275
1277
1278
1279
1281
1283
1285
1286
1288
1290
1292
1293
1295
1297
1299
1301
1303
1305
1307
1309
1311
1312
1313
1314
1316
1318
1320
1322
1324
1328
1330
1332
1334
1336
1338
1340
1343
1344
1346
1348
1350
1352
1354
1355
1356
1357
1358
1359
1361
1363
1365
1367
1369
1372
1374
1376
1378
1380
1382
1384
1388
1390
1394
1396
1398
1401
1402
1404
1406
1408
1410
1411
1412
1414
1416
1418
1420
1421
1423
1425
1427
1429
1431
1433
1435
1436
1441
1443
1445
1447
1449
1451
1452
1453
1455
1458
1459
1461
1462
1464
1465
1468
1470
1472
1473
1474
1476
1478
1480
1481
1483
1487
1489
1491
1492
1494
1495
1497
1499
1501
1502
1503
1505
1507
1509
1511
1513
1515
1517
1519
1520
1521
1524
1525
1527
1529
1531
1535
1537
1539
1540
1542
1544
1546
1548
1550
1552
1554
1556
1557
1559
1561
1563
1565
1567
1568
1570
1571
1573
1575
1577
1579
1581
1582
1583
1585
1587
1589
1591
1592
1593
1594
1595
1599
1601
1603
1604
1606
1608
1609
1611
1613
1615
1617
1619
1621
1623
1625
1627
1629
1630
1632
1634
1635
1637
1641
1643
1645
1647
1649
1651
1653
1655
1659
1661
1662
1664
1667
1668
1670
1672
1674
1676
1680
1682
1683
1685
1687
1689
1690
1692
1694
1696
1698
1700
1702
1703
1706
1707
1709
1711
1712
1716
1717
1719
1721
1723
1724
1728
1730
1732
1736
1737
1739
1740
1741
1742
1744
1746
1748
1750
1752
1758
1759
1760
