id,
18,
38,
51,
59,
63,
113,
125,
129,
137,
151,
156,
199,
205,
213,
226,
234,
256,
306,
307,
327,
339,
353,
367,
371,
372,
383,
415,
464,
487,
493,
504,
583,
585,
592,
594,
619,
627,
628,
640,
654,
656,
664,
689,
706,
770,
798,
827,
837,
848,
866,
904,
915,
930,
932,
953,
1049,
1053,
1082,
1086,
1099,
1109,
1113,
1114,
1137,
1162,
1166,
1195,
1201,
1207,
1209,
1211,
1241,
1326,
1342,
1386,
1392,
1400,
1439,
1457,
1467,
1485,
1523,
1533,
1597,
1639,
1657,
1666,
1678,
1705,
1714,
1726,
1734,
1754,
1756,
