src_id,dst_id,src_type,dst_type
0,1,0,1
2,3,0,1
4,5,0,1
6,7,0,1
8,9,0,1
8,10,0,1
11,12,0,1
13,14,0,1
15,16,0,1
19,20,0,1
19,21,0,1
22,23,0,1
24,25,0,1
26,27,0,1
26,28,0,1
29,30,0,1
31,32,0,1
33,34,0,1
35,36,0,1
39,40,0,1
39,41,0,1
39,42,0,1
43,44,0,1
45,46,0,1
47,48,0,1
47,49,0,1
52,53,0,1
54,55,0,1
56,57,0,1
60,61,0,1
64,65,0,1
66,67,0,1
68,69,0,1
70,71,0,1
72,73,0,1
74,75,0,1
76,77,0,1
78,79,0,1
80,81,0,1
82,83,0,1
84,85,0,1
86,87,0,1
88,89,0,1
90,91,0,1
90,92,0,1
90,93,0,1
90,94,0,1
90,95,0,1
96,97,0,1
98,99,0,1
100,101,0,1
102,103,0,1
102,104,0,1
102,105,0,1
106,107,0,1
108,109,0,1
110,111,0,1
114,115,0,1
116,117,0,1
118,119,0,1
120,121,0,1
120,122,0,1
120,123,0,1
126,127,0,1
128,130,0,1
131,132,0,1
131,133,0,1
134,135,0,1
138,139,0,1
140,141,0,1
142,143,0,1
144,145,0,1
146,147,0,1
148,149,0,1
150,152,0,1
153,154,0,1
157,158,0,1
159,160,0,1
161,162,0,1
163,164,0,1
163,165,0,1
163,166,0,1
167,168,0,1
169,170,0,1
171,172,0,1
173,174,0,1
175,176,0,1
175,177,0,1
178,179,0,1
180,181,0,1
182,183,0,1
184,185,0,1
186,187,0,1
188,189,0,1
190,95,0,1
190,191,0,1
192,193,0,1
194,195,0,1
196,197,0,1
200,201,0,1
200,202,0,1
200,203,0,1
206,207,0,1
208,209,0,1
210,211,0,1
212,214,0,1
215,216,0,1
217,218,0,1
219,220,0,1
221,222,0,1
223,224,0,1
227,228,0,1
229,230,0,1
231,232,0,1
235,236,0,1
235,237,0,1
238,239,0,1
238,240,0,1
241,242,0,1
243,244,0,1
245,246,0,1
247,248,0,1
247,249,0,1
247,250,0,1
247,251,0,1
252,253,0,1
252,254,0,1
257,258,0,1
259,260,0,1
261,262,0,1
261,263,0,1
264,265,0,1
266,267,0,1
268,269,0,1
270,271,0,1
272,273,0,1
274,275,0,1
276,277,0,1
276,278,0,1
276,279,0,1
280,281,0,1
282,283,0,1
285,286,0,1
285,287,0,1
285,288,0,1
289,290,0,1
291,292,0,1
293,294,0,1
295,296,0,1
297,298,0,1
299,300,0,1
301,302,0,1
303,304,0,1
308,309,0,1
310,311,0,1
310,312,0,1
313,314,0,1
313,315,0,1
316,317,0,1
318,319,0,1
318,320,0,1
321,322,0,1
323,324,0,1
323,325,0,1
328,329,0,1
330,331,0,1
332,333,0,1
334,335,0,1
336,337,0,1
340,341,0,1
342,343,0,1
344,345,0,1
346,347,0,1
348,349,0,1
350,351,0,1
354,355,0,1
356,357,0,1
358,359,0,1
360,361,0,1
362,363,0,1
364,365,0,1
368,369,0,1
373,374,0,1
373,375,0,1
376,377,0,1
378,379,0,1
380,381,0,1
384,385,0,1
386,387,0,1
386,388,0,1
389,390,0,1
391,392,0,1
393,394,0,1
395,396,0,1
397,398,0,1
399,400,0,1
401,402,0,1
403,404,0,1
403,405,0,1
406,407,0,1
408,409,0,1
410,411,0,1
412,413,0,1
414,416,0,1
417,418,0,1
417,419,0,1
420,421,0,1
422,423,0,1
424,425,0,1
426,427,0,1
426,428,0,1
429,430,0,1
431,432,0,1
433,434,0,1
435,436,0,1
437,438,0,1
439,440,0,1
441,442,0,1
443,444,0,1
445,446,0,1
447,448,0,1
447,449,0,1
447,450,0,1
451,452,0,1
451,453,0,1
454,455,0,1
456,457,0,1
456,458,0,1
456,459,0,1
460,461,0,1
460,462,0,1
465,466,0,1
465,467,0,1
468,469,0,1
470,471,0,1
472,473,0,1
472,474,0,1
472,475,0,1
476,477,0,1
478,479,0,1
480,481,0,1
482,483,0,1
484,485,0,1
488,489,0,1
490,491,0,1
494,495,0,1
494,496,0,1
497,498,0,1
499,500,0,1
501,502,0,1
503,505,0,1
506,507,0,1
508,509,0,1
510,511,0,1
510,512,0,1
510,513,0,1
510,514,0,1
515,516,0,1
515,517,0,1
518,519,0,1
520,521,0,1
520,522,0,1
520,523,0,1
524,525,0,1
526,527,0,1
528,529,0,1
530,531,0,1
530,532,0,1
533,534,0,1
535,536,0,1
537,538,0,1
537,95,0,1
539,540,0,1
541,542,0,1
543,544,0,1
545,546,0,1
545,547,0,1
548,549,0,1
550,551,0,1
552,553,0,1
554,555,0,1
556,557,0,1
558,559,0,1
558,560,0,1
561,562,0,1
561,563,0,1
561,564,0,1
561,565,0,1
566,567,0,1
566,568,0,1
569,570,0,1
569,571,0,1
572,573,0,1
574,575,0,1
576,577,0,1
578,579,0,1
578,580,0,1
578,581,0,1
586,587,0,1
588,589,0,1
590,591,0,1
595,596,0,1
595,597,0,1
598,599,0,1
600,601,0,1
602,603,0,1
604,605,0,1
606,607,0,1
608,609,0,1
610,611,0,1
612,613,0,1
612,614,0,1
615,616,0,1
615,617,0,1
620,621,0,1
622,623,0,1
624,625,0,1
629,630,0,1
629,631,0,1
632,633,0,1
634,635,0,1
636,637,0,1
636,638,0,1
641,642,0,1
643,644,0,1
645,646,0,1
647,648,0,1
649,650,0,1
651,652,0,1
657,658,0,1
659,660,0,1
661,662,0,1
663,665,0,1
666,667,0,1
666,668,0,1
666,669,0,1
670,671,0,1
670,672,0,1
670,673,0,1
674,675,0,1
676,677,0,1
678,679,0,1
680,681,0,1
682,683,0,1
684,685,0,1
686,687,0,1
688,690,0,1
688,691,0,1
692,693,0,1
694,695,0,1
696,697,0,1
698,699,0,1
698,700,0,1
698,701,0,1
698,702,0,1
703,704,0,1
707,708,0,1
709,710,0,1
711,712,0,1
713,714,0,1
715,716,0,1
717,718,0,1
719,720,0,1
719,721,0,1
722,723,0,1
724,725,0,1
726,727,0,1
728,729,0,1
728,730,0,1
731,732,0,1
733,734,0,1
733,735,0,1
736,737,0,1
738,739,0,1
740,741,0,1
740,742,0,1
743,744,0,1
745,746,0,1
747,748,0,1
749,750,0,1
751,752,0,1
751,753,0,1
754,755,0,1
756,757,0,1
756,758,0,1
759,760,0,1
761,762,0,1
763,764,0,1
765,766,0,1
767,768,0,1
771,772,0,1
773,774,0,1
775,776,0,1
777,778,0,1
779,780,0,1
781,782,0,1
783,784,0,1
785,786,0,1
787,788,0,1
789,790,0,1
791,792,0,1
793,794,0,1
795,796,0,1
797,799,0,1
800,801,0,1
802,803,0,1
804,805,0,1
804,806,0,1
807,808,0,1
807,809,0,1
810,811,0,1
810,812,0,1
813,814,0,1
815,816,0,1
817,818,0,1
819,820,0,1
821,822,0,1
823,824,0,1
823,825,0,1
828,829,0,1
828,830,0,1
831,832,0,1
831,833,0,1
834,811,0,1
834,835,0,1
838,839,0,1
840,841,0,1
840,842,0,1
840,843,0,1
844,845,0,1
844,846,0,1
849,850,0,1
851,852,0,1
853,854,0,1
855,856,0,1
857,858,0,1
859,860,0,1
861,862,0,1
863,864,0,1
867,868,0,1
869,870,0,1
871,872,0,1
873,874,0,1
875,876,0,1
877,878,0,1
879,880,0,1
881,882,0,1
883,884,0,1
885,886,0,1
887,888,0,1
889,890,0,1
891,892,0,1
893,894,0,1
893,895,0,1
896,897,0,1
898,899,0,1
898,900,0,1
901,902,0,1
905,906,0,1
907,908,0,1
909,910,0,1
911,912,0,1
911,913,0,1
914,916,0,1
914,917,0,1
918,919,0,1
918,920,0,1
921,922,0,1
921,923,0,1
924,925,0,1
926,927,0,1
926,928,0,1
933,934,0,1
935,936,0,1
937,938,0,1
939,940,0,1
941,942,0,1
943,944,0,1
945,946,0,1
945,947,0,1
948,949,0,1
950,951,0,1
952,954,0,1
955,956,0,1
957,958,0,1
959,960,0,1
961,962,0,1
964,965,0,1
966,967,0,1
968,969,0,1
970,971,0,1
972,973,0,1
974,975,0,1
974,976,0,1
977,978,0,1
979,980,0,1
981,982,0,1
981,983,0,1
984,985,0,1
986,987,0,1
988,989,0,1
990,991,0,1
990,992,0,1
993,994,0,1
995,996,0,1
997,998,0,1
999,1000,0,1
1001,1002,0,1
1003,1004,0,1
1005,1006,0,1
1007,1008,0,1
1009,1010,0,1
1009,1011,0,1
1009,1012,0,1
1013,1014,0,1
1013,1015,0,1
1013,1016,0,1
1017,1018,0,1
1019,1020,0,1
1021,1022,0,1
1023,1024,0,1
1025,1026,0,1
1027,1028,0,1
1029,1030,0,1
1029,1031,0,1
1032,1033,0,1
1034,1035,0,1
1036,1037,0,1
1038,1039,0,1
1040,1041,0,1
1042,1043,0,1
1042,1044,0,1
1045,1046,0,1
1045,1047,0,1
1048,1050,0,1
1048,1051,0,1
1054,1055,0,1
1056,1057,0,1
1058,1059,0,1
1058,1060,0,1
1061,1062,0,1
1061,1063,0,1
1061,1064,0,1
1065,1066,0,1
1067,1068,0,1
1069,1070,0,1
1069,1071,0,1
1072,1073,0,1
1074,1075,0,1
1076,1077,0,1
1078,1079,0,1
1078,1080,0,1
1083,1084,0,1
1087,1088,0,1
1089,1090,0,1
1091,1092,0,1
1091,1093,0,1
1094,1095,0,1
1096,1097,0,1
1100,1101,0,1
1102,1103,0,1
1104,1105,0,1
1106,1107,0,1
1110,1111,0,1
1112,1115,0,1
1116,1117,0,1
1118,1119,0,1
1120,1121,0,1
1120,1122,0,1
1123,1124,0,1
1123,1125,0,1
1123,1126,0,1
1127,1128,0,1
1129,1130,0,1
1131,1132,0,1
1133,1134,0,1
1135,1136,0,1
1138,1139,0,1
1140,1141,0,1
1142,1143,0,1
1144,1145,0,1
1146,1147,0,1
1148,1149,0,1
1148,1150,0,1
1148,1151,0,1
1152,1153,0,1
1154,1155,0,1
1156,1157,0,1
1158,1159,0,1
1158,1160,0,1
1163,1164,0,1
1165,1167,0,1
1165,1168,0,1
1169,1170,0,1
1171,1172,0,1
1171,1173,0,1
1174,1175,0,1
1174,1176,0,1
1177,1178,0,1
1179,1180,0,1
1181,1182,0,1
1183,1184,0,1
1185,1186,0,1
1187,1188,0,1
1187,1189,0,1
1190,1191,0,1
1192,1193,0,1
1196,1197,0,1
1198,1199,0,1
1202,1203,0,1
1204,1205,0,1
1212,1213,0,1
1214,1215,0,1
1216,1217,0,1
1218,1219,0,1
1220,1221,0,1
1222,1223,0,1
1224,1225,0,1
1224,1226,0,1
1224,1227,0,1
1224,1228,0,1
1229,1230,0,1
1231,1232,0,1
1233,1234,0,1
1233,1235,0,1
1236,1237,0,1
1238,1239,0,1
1238,452,0,1
1242,1243,0,1
1244,1245,0,1
1246,117,0,1
1247,1248,0,1
1249,1250,0,1
1251,1252,0,1
1253,1254,0,1
1255,1256,0,1
1257,1258,0,1
1257,1259,0,1
1260,1261,0,1
1262,1263,0,1
1264,1265,0,1
1266,1267,0,1
1268,1269,0,1
1270,1271,0,1
1272,1273,0,1
1274,1275,0,1
1276,1277,0,1
1276,1278,0,1
1276,1279,0,1
1280,1281,0,1
1282,1283,0,1
1284,1285,0,1
1284,1286,0,1
1287,1288,0,1
1289,1290,0,1
1291,1292,0,1
1291,1293,0,1
1294,1295,0,1
1296,1297,0,1
1298,1299,0,1
1300,1301,0,1
1302,1303,0,1
1304,1305,0,1
1306,1307,0,1
1308,1309,0,1
1310,1311,0,1
1310,1312,0,1
1310,1313,0,1
1310,1314,0,1
1315,1316,0,1
1317,1318,0,1
1319,1320,0,1
1321,1322,0,1
1323,1324,0,1
1327,1328,0,1
1329,1330,0,1
1331,1332,0,1
1333,1334,0,1
1335,1336,0,1
1337,1338,0,1
1339,1340,0,1
1341,1343,0,1
1341,1344,0,1
1345,1346,0,1
1347,1348,0,1
1349,1350,0,1
1351,1352,0,1
1353,1354,0,1
1353,1355,0,1
1353,1356,0,1
1353,1357,0,1
1353,1358,0,1
1353,1359,0,1
1360,1361,0,1
1362,1363,0,1
1364,1365,0,1
1366,1367,0,1
1368,1369,0,1
1370,95,0,1
1371,1372,0,1
1373,1374,0,1
1375,1376,0,1
1377,1378,0,1
1379,1380,0,1
1381,1382,0,1
1383,1384,0,1
1387,1388,0,1
1389,1390,0,1
1393,1394,0,1
1395,1396,0,1
1397,1398,0,1
1399,1401,0,1
1399,1402,0,1
1403,1404,0,1
1405,1406,0,1
1407,1408,0,1
1409,1410,0,1
1409,1411,0,1
1409,1412,0,1
1413,1414,0,1
1415,1416,0,1
1417,1418,0,1
1419,1420,0,1
1419,1421,0,1
1422,1423,0,1
1424,1425,0,1
1426,1427,0,1
1428,1429,0,1
1430,1431,0,1
1432,1433,0,1
1434,1435,0,1
1434,1436,0,1
1437,394,0,1
1440,1441,0,1
1442,1443,0,1
1444,1445,0,1
1446,1447,0,1
1448,1449,0,1
1450,1451,0,1
1450,1452,0,1
1450,1453,0,1
1454,1455,0,1
1456,1458,0,1
1456,1459,0,1
1460,1461,0,1
1460,1462,0,1
1463,1464,0,1
1463,1465,0,1
1466,1468,0,1
1469,1470,0,1
1471,1472,0,1
1471,1473,0,1
1471,1474,0,1
1475,1476,0,1
1477,1478,0,1
1479,1480,0,1
1479,1481,0,1
1482,1483,0,1
1486,1487,0,1
1488,1489,0,1
1490,1491,0,1
1490,1492,0,1
1493,1494,0,1
1493,1495,0,1
1496,1497,0,1
1498,1499,0,1
1500,1501,0,1
1500,1502,0,1
1500,1503,0,1
1504,1505,0,1
1506,1507,0,1
1508,1509,0,1
1510,1511,0,1
1512,1513,0,1
1514,1515,0,1
1516,1517,0,1
1518,1519,0,1
1518,1520,0,1
1518,1521,0,1
1522,1524,0,1
1522,1525,0,1
1526,1527,0,1
1528,1529,0,1
1530,1531,0,1
1534,1535,0,1
1536,1537,0,1
1538,1539,0,1
1538,1540,0,1
1541,1542,0,1
1543,1544,0,1
1545,1546,0,1
1547,1548,0,1
1549,1550,0,1
1551,1552,0,1
1553,1554,0,1
1555,1556,0,1
1555,1557,0,1
1558,1559,0,1
1560,1561,0,1
1562,1563,0,1
1564,1565,0,1
1566,1567,0,1
1566,1568,0,1
1569,1570,0,1
1569,1571,0,1
1572,1573,0,1
1574,1575,0,1
1576,1577,0,1
1578,1579,0,1
1580,1581,0,1
1580,1582,0,1
1580,1583,0,1
1584,1585,0,1
1586,1587,0,1
1588,1589,0,1
1590,1591,0,1
1590,1592,0,1
1590,1593,0,1
1590,1594,0,1
1590,1595,0,1
1598,1599,0,1
1600,1601,0,1
1602,1603,0,1
1602,1604,0,1
1605,1606,0,1
1607,1608,0,1
1607,1609,0,1
1610,1611,0,1
1612,1613,0,1
1614,1615,0,1
1616,1617,0,1
1618,1619,0,1
1620,1621,0,1
1622,1623,0,1
1624,1625,0,1
1626,1627,0,1
1628,1629,0,1
1628,1630,0,1
1631,1632,0,1
1633,1634,0,1
1633,1635,0,1
1636,1637,0,1
1640,1641,0,1
1642,1643,0,1
1644,1645,0,1
1646,1647,0,1
1648,1649,0,1
1650,1651,0,1
1652,1653,0,1
1654,1655,0,1
1658,1659,0,1
1660,1661,0,1
1660,1662,0,1
1663,1664,0,1
1665,1667,0,1
1665,1668,0,1
1669,1670,0,1
1671,1672,0,1
1673,1674,0,1
1675,1676,0,1
1679,1680,0,1
1681,1682,0,1
1681,1683,0,1
1684,1685,0,1
1686,1687,0,1
1688,1689,0,1
1688,1690,0,1
1691,1692,0,1
1693,1694,0,1
1695,1696,0,1
1697,1698,0,1
1699,1700,0,1
1701,1702,0,1
1701,1703,0,1
1704,1706,0,1
1704,1707,0,1
1708,1709,0,1
1710,1711,0,1
1710,1712,0,1
1715,390,0,1
1715,1716,0,1
1715,1717,0,1
1718,1719,0,1
1720,1721,0,1
1722,1723,0,1
1722,1724,0,1
1727,1728,0,1
1729,1730,0,1
1731,1732,0,1
1735,1736,0,1
1735,1737,0,1
1738,1739,0,1
1738,1740,0,1
1738,1741,0,1
1738,1742,0,1
1743,1744,0,1
1745,1746,0,1
1747,1748,0,1
1749,1750,0,1
1751,1752,0,1
1757,1758,0,1
1757,1759,0,1
1757,1760,0,1
