id,
0,
2,
4,
6,
8,
11,
13,
15,
17,
19,
22,
24,
26,
29,
31,
33,
35,
37,
39,
43,
45,
47,
50,
52,
54,
56,
58,
60,
62,
64,
66,
68,
70,
72,
74,
76,
78,
80,
82,
84,
86,
88,
90,
96,
98,
100,
102,
106,
108,
110,
112,
114,
116,
118,
120,
124,
126,
128,
131,
134,
136,
138,
140,
142,
144,
146,
148,
150,
153,
155,
157,
159,
161,
163,
167,
169,
171,
173,
175,
178,
180,
182,
184,
186,
188,
190,
192,
194,
196,
198,
200,
204,
206,
208,
210,
212,
215,
217,
219,
221,
223,
225,
227,
229,
231,
233,
235,
238,
241,
243,
245,
247,
252,
255,
257,
259,
261,
264,
266,
268,
270,
272,
274,
276,
280,
282,
284,
285,
289,
291,
293,
295,
297,
299,
301,
303,
305,
308,
310,
313,
316,
318,
321,
323,
326,
328,
330,
332,
334,
336,
338,
340,
342,
344,
346,
348,
350,
352,
354,
356,
358,
360,
362,
364,
366,
368,
370,
373,
376,
378,
380,
382,
384,
386,
389,
391,
393,
395,
397,
399,
401,
403,
406,
408,
410,
412,
414,
417,
420,
422,
424,
426,
429,
431,
433,
435,
437,
439,
441,
443,
445,
447,
451,
454,
456,
460,
463,
465,
468,
470,
472,
476,
478,
480,
482,
484,
486,
488,
490,
492,
494,
497,
499,
501,
503,
506,
508,
510,
515,
518,
520,
524,
526,
528,
530,
533,
535,
537,
539,
541,
543,
545,
548,
550,
552,
554,
556,
558,
561,
566,
569,
572,
574,
576,
578,
582,
584,
586,
588,
590,
593,
595,
598,
600,
602,
604,
606,
608,
610,
612,
615,
618,
620,
622,
624,
626,
629,
632,
634,
636,
639,
641,
643,
645,
647,
649,
651,
653,
655,
657,
659,
661,
663,
666,
670,
674,
676,
678,
680,
682,
684,
686,
688,
692,
694,
696,
698,
703,
705,
707,
709,
711,
713,
715,
717,
719,
722,
724,
726,
728,
731,
733,
736,
738,
740,
743,
745,
747,
749,
751,
754,
756,
759,
761,
763,
765,
767,
769,
771,
773,
775,
777,
779,
781,
783,
785,
787,
789,
791,
793,
795,
797,
800,
802,
804,
807,
810,
813,
815,
817,
819,
821,
823,
826,
828,
831,
834,
836,
838,
840,
844,
847,
849,
851,
853,
855,
857,
859,
861,
863,
865,
867,
869,
871,
873,
875,
877,
879,
881,
883,
885,
887,
889,
891,
893,
896,
898,
901,
903,
905,
907,
909,
911,
914,
918,
921,
924,
926,
929,
931,
933,
935,
937,
939,
941,
943,
945,
948,
950,
952,
955,
957,
959,
961,
963,
964,
966,
968,
970,
972,
974,
977,
979,
981,
984,
986,
988,
990,
993,
995,
997,
999,
1001,
1003,
1005,
1007,
1009,
1013,
1017,
1019,
1021,
1023,
1025,
1027,
1029,
1032,
1034,
1036,
1038,
1040,
1042,
1045,
1048,
1052,
1054,
1056,
1058,
1061,
1065,
1067,
1069,
1072,
1074,
1076,
1078,
1081,
1083,
1085,
1087,
1089,
1091,
1094,
1096,
1098,
1100,
1102,
1104,
1106,
1108,
1110,
1112,
1116,
1118,
1120,
1123,
1127,
1129,
1131,
1133,
1135,
1138,
1140,
1142,
1144,
1146,
1148,
1152,
1154,
1156,
1158,
1161,
1163,
1165,
1169,
1171,
1174,
1177,
1179,
1181,
1183,
1185,
1187,
1190,
1192,
1194,
1196,
1198,
1200,
1202,
1204,
1206,
1208,
1210,
1212,
1214,
1216,
1218,
1220,
1222,
1224,
1229,
1231,
1233,
1236,
1238,
1240,
1242,
1244,
1246,
1247,
1249,
1251,
1253,
1255,
1257,
1260,
1262,
1264,
1266,
1268,
1270,
1272,
1274,
1276,
1280,
1282,
1284,
1287,
1289,
1291,
1294,
1296,
1298,
1300,
1302,
1304,
1306,
1308,
1310,
1315,
1317,
1319,
1321,
1323,
1325,
1327,
1329,
1331,
1333,
1335,
1337,
1339,
1341,
1345,
1347,
1349,
1351,
1353,
1360,
1362,
1364,
1366,
1368,
1370,
1371,
1373,
1375,
1377,
1379,
1381,
1383,
1385,
1387,
1389,
1391,
1393,
1395,
1397,
1399,
1403,
1405,
1407,
1409,
1413,
1415,
1417,
1419,
1422,
1424,
1426,
1428,
1430,
1432,
1434,
1437,
1438,
1440,
1442,
1444,
1446,
1448,
1450,
1454,
1456,
1460,
1463,
1466,
1469,
1471,
1475,
1477,
1479,
1482,
1484,
1486,
1488,
1490,
1493,
1496,
1498,
1500,
1504,
1506,
1508,
1510,
1512,
1514,
1516,
1518,
1522,
1526,
1528,
1530,
1532,
1534,
1536,
1538,
1541,
1543,
1545,
1547,
1549,
1551,
1553,
1555,
1558,
1560,
1562,
1564,
1566,
1569,
1572,
1574,
1576,
1578,
1580,
1584,
1586,
1588,
1590,
1596,
1598,
1600,
1602,
1605,
1607,
1610,
1612,
1614,
1616,
1618,
1620,
1622,
1624,
1626,
1628,
1631,
1633,
1636,
1638,
1640,
1642,
1644,
1646,
1648,
1650,
1652,
1654,
1656,
1658,
1660,
1663,
1665,
1669,
1671,
1673,
1675,
1677,
1679,
1681,
1684,
1686,
1688,
1691,
1693,
1695,
1697,
1699,
1701,
1704,
1708,
1710,
1713,
1715,
1718,
1720,
1722,
1725,
1727,
1729,
1731,
1733,
1735,
1738,
1743,
1745,
1747,
1749,
1751,
1753,
1755,
1757,
