id
26388279067581
28587302322870
30786325577977
30786325578245
32985348833533
2199023255562
4398046511672
13194139533606
15393162789084
15393162789204
21990232556252
21990232556376
32985348833329
443
2199023255688
13194139533482
17592186044439
19791209300504
21990232556429
24189255811171
24189255812001
24189255812047
28587302323136
30786325577784
2199023256524
6597069766720
10995116278525
15393162788989
19791209300317
24189255811277
26388279067108
28587302322530
28587302322548
32985348833478
32985348833670
683
4398046511180
4398046512001
6597069766850
10995116278236
10995116278308
13194139534270
26388279067378
30786325578608
10995116278223
15393162789859
17592186045229
19791209300454
24189255811663
32985348833404
96
2199023256280
8796093022970
13194139533469
13194139534229
15393162789111
17592186045261
19791209300091
28587302322552
30786325578215
870
932
2199023256154
4398046511367
13194139533725
19791209300775
21990232556381
24189255811481
32985348833467
296
2199023256219
4398046511177
8796093022995
10995116278496
13194139533493
13194139534143
17592186044737
17592186045165
19791209300579
21990232555794
21990232556018
26388279067442
30786325577905
30786325578329
32985348833378
32985348833975
768
2199023255798
10995116278625
15393162788866
26388279067054
345
2199023255898
6597069767242
10995116278336
10995116278412
15393162789815
17592186044729
17592186044994
17592186045212
