"id"
24189255811155
24189255811164
238
2199023256277
17592186044494
30786325578568
32985348833546
6597069766693
6597069766846
8796093022325
10995116278031
10995116278234
13194139534185
15393162788922
15393162789792
21990232555934
24189255811099
32985348833536
2199023256298
8796093022938
10995116278264
10995116278320
13194139533533
19791209300463
24189255811315
28587302322250
28587302322865
30786325578711
4398046511779
10995116278468
13194139533584
13194139534279
15393162789009
19791209300882
28587302322247
6597069767061
13194139533505
17592186044868
21990232556482
24189255811254
32985348833548
4398046511593
6597069766659
6597069767398
15393162789249
17592186044857
19791209300608
21990232556220
26388279067571
28587302322308
32985348833865
32985348833890
32985348834053
378
2199023256437
4398046511424
8796093022492
8796093023133
10995116277765
21990232556010
21990232556299
26388279067358
26388279067551
35184372089323
2199023256049
4398046511587
6597069767415
13194139533834
15393162789093
15393162789604
21990232555611
28587302322294
30786325577752
30786325578617
976
2199023256236
6597069766733
8796093022297
13194139533391
13194139533757
19791209300178
24189255811227
24189255812053
26388279066936
2199023256427
8796093022983
13194139534142
15393162789228
17592186045133
19791209300595
26388279067560
28587302322950
2199023256031
4398046511757
6597069766678
6597069766944
10995116278142
13194139533574
15393162789189
17592186044551
