id
21990232555851
28587302322616
28587302322760
454
6597069766821
8796093022611
15393162789514
21990232555639
24189255811574
28587302322814
35184372089375
94
2199023255922
4398046511389
4398046511596
8796093022661
8796093022887
15393162789219
17592186044425
19791209299984
19791209300147
24189255811381
24189255811677
26388279067047
28587302322631
32985348834107
8796093022410
8796093022928
10995116278291
17592186045096
26388279066869
28587302322817
30786325578057
30786325578676
32985348833313
2199023256388
4398046511684
8796093022963
17592186045093
17592186045382
19791209300004
19791209300167
24189255811358
24189255811643
26388279066791
32985348833995
459
2199023255663
8796093022665
10995116278113
10995116278647
19791209300851
21990232556472
26388279067585
30786325578513
2199023255936
10995116278396
15393162788906
17592186045168
19791209300081
19791209300793
19791209300814
21990232555683
250
6597069767184
8796093022445
8796093023000
10995116277907
19791209300443
21990232556433
24189255811801
26388279067472
26388279067478
28587302322753
28587302323054
30786325578585
2199023255817
2199023255855
8796093022582
17592186044461
19791209300483
21990232555834
24189255811275
28587302322286
30786325578088
30786325578383
4398046511396
8796093022749
8796093022789
10995116278541
13194139533984
13194139534154
15393162789529
19791209300405
28587302323035
30786325578292
30786325578525
32985348834092
2199023256459
6597069767013
