id
8796093022728
17592186045028
19791209299968
28587302322824
28587302323139
28587302323141
32985348834066
941
4398046511426
6597069767348
15393162789346
19791209300562
19791209300921
24189255811326
26388279067441
28587302322676
30786325578629
290
2199023255949
13194139533440
21990232556302
24189255811638
26388279066885
28587302322537
6597069766914
6597069767635
30786325578600
32985348833434
32985348833702
4398046511747
4398046511941
6597069766711
6597069767341
8796093022975
10995116278228
26388279067331
32985348833834
974
2199023255725
4398046511246
6597069767375
8796093022412
15393162789624
24189255811079
28587302322487
32985348833660
788
8796093022946
17592186044943
19791209300199
21990232555571
21990232555686
21990232556206
24189255811671
28587302322524
28587302322854
32985348833438
32985348833979
8796093022435
26388279067527
709
2199023255887
4398046511145
6597069766998
6597069767400
13194139533500
15393162788911
15393162789077
24189255811573
26388279067426
26388279067479
30786325578320
583
609
2199023255940
8796093022821
13194139533927
15393162789090
15393162789575
17592186045078
26388279067159
26388279067562
30786325578441
2199023256351
4398046511185
13194139533588
17592186045280
21990232555771
21990232556263
30786325578075
4398046511241
4398046511592
6597069767274
6597069767432
8796093022449
13194139534161
17592186045408
19791209300634
21990232555524
21990232555958
