id
26388279066948
35184372089449
2199023255952
2199023256008
10995116277846
17592186044808
17592186044865
24189255811211
28587302322837
2199023255821
4398046511322
10995116278627
15393162789076
24189255811116
28587302322597
28587302322946
4398046511904
6597069767149
8796093023107
10995116278436
19791209300153
19791209300771
24189255811240
24189255811953
26388279066654
30786325578370
32985348833796
959
2199023256418
4398046511332
6597069767301
6597069767359
6597069767457
8796093022668
19791209300828
24189255811140
28587302322743
2199023256125
4398046511736
13194139533784
15393162789687
15393162789769
17592186045238
19791209300404
26388279066928
2199023256264
4398046511442
4398046511753
6597069767571
8796093023017
8796093023094
13194139533770
17592186045044
21990232555803
21990232556500
26388279067003
32985348833798
6597069766993
6597069767407
10995116278353
17592186045405
19791209300190
21990232556441
26388279066795
32985348833505
998
8796093022727
10995116278224
17592186044592
26388279067574
30786325578640
32985348833676
150
702
2199023256310
4398046511257
6597069766719
10995116278210
15393162789655
17592186045047
17592186045085
19791209300572
19791209300874
21990232555650
26388279066830
26388279067561
28587302322939
30786325577964
32985348833673
32985348833854
10995116277788
10995116278286
13194139533439
15393162789417
17592186044862
687
8796093022369
19791209300159
19791209300639
26388279066662
