id
6597069767300
15393162789578
19791209300021
21990232556141
26388279066868
28587302322499
13194139534191
15393162789696
15393162789787
30786325577992
30786325578060
2199023255953
6597069767464
6597069767470
8796093022541
10995116278652
15393162789850
17592186044686
24189255811707
26388279067183
30786325577774
2199023256472
13194139534141
15393162788893
21990232555617
26388279066664
30786325578286
6597069767433
17592186045334
19791209300020
21990232555658
21990232556469
267
2199023256097
4398046511163
4398046511700
6597069767226
10995116277995
13194139533320
13194139533366
13194139533653
15393162789699
19791209300479
30786325578194
32985348834027
32985348834174
2199023255685
2199023256081
4398046511395
4398046511822
8796093023034
10995116277882
15393162789081
15393162789162
17592186044691
19791209300326
28587302322527
939
4398046512002
26388279066848
26388279067086
28587302322790
32985348833315
2199023256456
4398046511117
6597069767551
6597069767620
13194139533433
13194139533859
19791209299986
24189255812045
28587302322288
28587302322737
28587302322763
30786325578455
35184372088899
2199023255760
10995116278268
15393162789214
24189255811500
24189255811778
28587302322256
619
4398046511667
10995116278033
15393162789174
15393162789653
19791209300068
19791209300507
24189255812006
30786325577834
30786325577980
32985348833653
668
2199023256178
2199023256452
4398046511763
10995116278350
13194139534267
15393162788965
