id
933
6597069767117
10995116278700
21990232556027
26388279066636
28587302322727
2199023256181
4398046511870
6597069766983
8796093023060
19791209300372
26388279067350
28587302322873
8796093023143
13194139533850
17592186044504
17592186044810
19791209300058
28587302322741
32985348833558
6597069766961
8796093022367
8796093022641
8796093022764
8796093023138
15393162789410
21990232555940
24189255811398
28587302322686
32985348833849
4398046511463
6597069766695
6597069767625
8796093022467
13194139533332
13194139533589
15393162789707
24189255811694
30786325577812
30786325577960
32985348834262
65
2199023255981
2199023256530
4398046511535
15393162789569
17592186044824
19791209300474
19791209300739
21990232556180
28587302322281
28587302322755
32985348833679
32985348833686
8796093022290
15393162789560
17592186044532
17592186044568
19791209300796
26388279067039
2199023255747
13194139533648
13194139533912
15393162789226
17592186045370
28587302322718
30786325578724
2199023256405
10995116278292
21990232555627
28587302322627
893
6597069767495
10995116277924
19791209300852
21990232555895
21990232556476
32985348833559
32985348834096
10995116278281
10995116278453
15393162789103
15393162789349
19791209300631
30786325578056
555
2199023256403
4398046511628
13194139533460
13194139533792
13194139534257
17592186044519
19791209300124
21990232555753
24189255811862
30786325578144
30786325578231
2199023255869
4398046511154
8796093022386
