"id"
13194139533523
15393162788865
17592186044605
24189255811103
24189255811719
24189255811782
26388279066717
26388279066958
28587302323020
2199023256300
6597069766964
8796093022392
8796093022423
10995116278554
10995116278570
13194139533432
17592186045019
17592186045074
21990232556497
30786325578670
2199023256363
4398046511937
6597069766725
10995116277820
10995116278238
13194139533618
17592186045360
19791209300625
24189255811654
24189255811940
28587302322372
32985348834019
2199023255660
8796093022634
15393162789262
4398046511338
10995116278300
15393162789746
17592186044864
17592186045340
19791209300370
21990232555889
24189255811086
512
13194139533909
26388279067512
28587302322515
32985348833314
32985348834004
407
2199023255637
4398046511152
6597069767067
6597069767377
21990232556166
24189255811234
26388279067147
28587302322809
4398046511884
8796093022409
19791209300151
32985348833887
102
987
4398046511467
6597069766938
8796093022368
19791209300787
24189255811817
32985348833931
367
465
10995116278730
13194139533817
15393162789401
19791209299993
19791209300961
24189255811455
24189255811906
26388279067532
28587302322431
32985348834013
8796093022647
8796093022909
15393162789112
17592186045005
19791209300143
21990232556491
24189255811746
26388279066738
26388279066989
28587302322553
28587302322565
318
2199023255558
4398046511734
4398046511962
15393162789489
21990232555586
21990232556410
