id
15393162789614
17592186044731
21990232555987
21990232556344
21990232556508
24189255811776
26388279067498
26388279067534
28587302322689
2199023256233
6597069767575
13194139533331
15393162789760
21990232555801
24189255811887
24189255811922
32985348834171
2199023256077
2199023256536
10995116278757
19791209300324
26388279067618
28587302322471
30786325577859
30786325578258
143
4398046511290
13194139534076
15393162789010
17592186044459
17592186044732
19791209300831
21990232555531
30786325578029
2199023256347
6597069766797
6597069767572
10995116278184
15393162789274
17592186044897
26388279066931
772
10995116278636
17592186045089
19791209300359
24189255811726
26388279067051
28587302322327
30786325578109
30786325578224
32985348833537
2199023256520
6597069766870
10995116278259
10995116278566
13194139533344
19791209300761
30786325577877
30786325578316
32985348833579
985
19791209300656
19791209300830
19791209300839
21990232555850
24189255811312
24189255811566
2199023256086
2199023256321
4398046511845
6597069767125
10995116278269
13194139533427
13194139533535
13194139534234
17592186044991
19791209300402
24189255811876
26388279066764
30786325578485
35184372089012
8796093022438
8796093022574
8796093022765
8796093023199
19791209300845
21990232555692
26388279067066
30786325578362
32985348834064
4398046511712
26388279067248
344
2199023255987
21990232556463
28587302322974
32985348834036
471
2199023255871
6597069767347
