personId
INTEGER
1129
4194
8333
10027
11122
14876
20415
20723
25675
27019
27127
27625
30277
36675
37217
38098
40105
41758
43518
45220
46980
53433
57880
67663
2199023262994
2199023268616
2199023275316
2199023275685
2199023278977
2199023279387
2199023287705
2199023289819
2199023290633
2199023294872
2199023300371
2199023301684
2199023305989
2199023322610
2199023323272
2199023324497
2199023325862
2199023326324
4398046512167
4398046515995
4398046523393
4398046525769
4398046528297
4398046531000
4398046531597
4398046531818
4398046535828
