99 0.005496507878832198
163 0.005496507878832198
659 0.046879057645853914
771 0.005496507878832198
35184372088883 0.011035571411826293
35184372089043 0.011272356421462654
35184372089187 0.048636228077428297
35184372089283 0.042825605242578314
35184372089427 0.023216544202333177
35184372089459 0.005496507878832198
70368744177683 0.03860549508318862
70368744177699 0.011706923621110556
70368744177747 0.03186959512172804
70368744177795 0.005496507878832198
70368744177811 0.07281678908034284
70368744177971 0.01414955879822706
70368744177987 0.01992540734085752
70368744178035 0.005496507878832198
70368744178131 0.01350860929971517
70368744178179 0.021893636311574868
70368744178339 0.06779349099192829
70368744178355 0.010171024352754066
70368744178419 0.011035571411826293
105553116266499 0.005496507878832198
105553116266563 0.045534242588719374
105553116266675 0.005496507878832198
105553116266755 0.018824075272148928
105553116266787 0.01414955879822706
105553116266899 0.005496507878832198
105553116267075 0.005496507878832198
105553116267219 0.018183125773637038
140737488355443 0.005496507878832198
140737488355523 0.005496507878832198
140737488355555 0.010171024352754066
140737488355715 0.018824075272148928
140737488355763 0.005496507878832198
140737488355811 0.005496507878832198
140737488355827 0.005496507878832198
140737488355939 0.005496507878832198
140737488355971 0.010171024352754066
140737488356035 0.005496507878832198
175921860444691 0.005496507878832198
175921860444707 0.005496507878832198
175921860444723 0.005496507878832198
175921860444899 0.005496507878832198
175921860444947 0.005496507878832198
