99 1.7976931348623157e+308
163 1.7976931348623157e+308
659 1.7976931348623157e+308
771 1.7976931348623157e+308
35184372088883 1.7976931348623157e+308
35184372089043 1.7976931348623157e+308
35184372089187 1.7976931348623157e+308
35184372089283 1.7976931348623157e+308
35184372089427 1.7976931348623157e+308
35184372089459 1.7976931348623157e+308
70368744177683 1.7976931348623157e+308
70368744177699 133093.0
70368744177747 68007.0
70368744177795 1.7976931348623157e+308
70368744177811 70959.0
70368744177971 1.7976931348623157e+308
70368744177987 0.0
70368744178035 1.7976931348623157e+308
70368744178131 70960.0
70368744178179 1.7976931348623157e+308
70368744178339 2941.0
70368744178355 67787.0
70368744178419 1.7976931348623157e+308
105553116266499 73925.0
105553116266563 5915.0
105553116266675 1.7976931348623157e+308
105553116266755 5916.0
105553116266787 5917.0
105553116266899 1.7976931348623157e+308
105553116267075 5918.0
105553116267219 1.7976931348623157e+308
140737488355443 73927.0
140737488355523 73928.0
140737488355555 73929.0
140737488355715 8916.0
140737488355763 5919.0
140737488355811 5920.0
140737488355827 5921.0
140737488355939 1.7976931348623157e+308
140737488355971 2942.0
140737488356035 5923.0
175921860444691 1.7976931348623157e+308
175921860444707 5924.0
175921860444723 1.7976931348623157e+308
175921860444899 1.7976931348623157e+308
175921860444947 8922.0
